0 1449
1 1409
2 1383
3 1356
4 1308
5 1271
6 1251
7 1213
8 1154
9 1141
10 1084
11 1044
12 1002
13 957
14 985
15 950
16 855
17 848
18 816
19 759
20 779
21 668
22 721
23 700
24 688
25 629
26 605
27 604
28 577
29 573
30 547
31 539
32 493
33 515
34 547
35 542
36 570
37 526
38 507
39 558
40 542
41 583
42 604
43 619
44 645
45 659
46 637
47 702
48 671
49 688
50 659
51 752
52 732
53 784
54 838
55 845
56 897
57 906
58 926
59 1042
60 1028
61 1066
62 1071
63 1097
64 1150
65 1186
66 1144
67 1240
68 1290
69 1282
70 1361
71 1373
72 1432
73 1405
74 1484
75 1473
76 1527
77 1446
78 1606
79 1549
80 1655
81 1655
82 1677
83 1693
84 1633
85 1755
86 1685
87 1768
88 1719
89 1719
90 1724
91 1723
92 1631
93 1773
94 1766
95 1758
96 1695
97 1668
98 1777
99 1767
100 1672
101 1693
102 1649
103 1561
104 1642
105 1544
106 1552
107 1529
108 1481
109 1426
110 1399
111 1347
112 1292
113 1286
114 1238
115 1213
116 1171
117 1171
118 1088
119 1116
120 1010
121 1023
122 1018
123 943
124 903
125 869
126 937
127 827
128 853
129 781
130 802
131 729
132 755
133 732
134 672
135 641
136 647
137 607
138 648
139 549
140 581
141 639
142 590
143 533
144 559
145 538
146 635
147 547
148 610
149 615
150 611
151 587
152 656
153 648
154 686
155 667
156 657
157 709
158 716
159 720
160 757
161 789
162 797
163 806
164 892
165 855
166 859
167 885
168 1006
169 932
170 1068
171 1030
172 1130
173 1087
174 1143
175 1173
176 1200
177 1203
178 1342
179 1352
180 1394
181 1283
182 1373
183 1401
184 1434
185 1433
186 1447
187 1538
188 1531
189 1551
190 1622
191 1569
192 1615
193 1653
194 1709
195 1634
196 1690
197 1632
198 1667
199 1630
200 1651
201 1699
202 1700
203 1629
204 1614
205 1639
206 1603
207 1618
208 1580
209 1551
210 1605
211 1565
212 1559
213 1520
214 1533
215 1394
216 1453
217 1371
218 1420
219 1299
220 1297
221 1305
222 1241
223 1208
224 1192
225 1133
226 1088
227 1059
228 1001
229 980
230 949
231 937
232 876
233 864
234 828
235 804
236 728
237 730
238 699
239 648
240 626
241 608
242 600
243 527
244 521
245 499
246 494
247 427
248 378
249 397
250 431
251 351
252 356
253 344
254 327
255 314
256 321
257 281
258 321
259 265
260 267
261 303
262 286
263 257
264 251
265 262
266 280
267 267
268 292
269 327
270 306
271 307
272 299
273 349
274 339
275 345
276 358
277 406
278 365
279 399
280 432
281 486
282 480
283 515
284 507
285 523
286 542
287 593
288 612
289 562
290 604
291 672
292 656
293 683
294 748
295 681
296 749
297 750
298 786
299 821
300 815
301 820
302 847
303 842
304 888
305 886
306 915
307 880
308 920
309 937
310 942
311 911
312 917
313 892
314 974
315 949
316 969
317 905
318 948
319 890
320 915
321 944
322 840
323 914
324 859
325 825
326 816
327 868
328 816
329 807
330 761
331 744
332 742
333 737
334 635
335 683
336 657
337 669
338 603
339 596
340 606
341 597
342 578
343 517
344 490
345 453
346 455
347 418
348 455
349 418
350 360
351 376
352 315
353 367
354 319
355 292
356 304
357 311
358 272
359 279
360 271
361 238
362 252
363 223
364 218
365 216
366 210
367 216
368 250
369 224
370 237
371 262
372 216
373 224
374 252
375 263
376 252
377 278
378 284
379 279
380 291
381 309
382 310
383 344
384 366
385 376
386 391
387 423
388 416
389 380
390 470
391 444
392 473
393 525
394 498
395 556
396 590
397 601
398 563
399 618
400 640
401 687
402 686
403 703
404 718
405 752
406 710
407 761
408 737
409 795
410 782
411 900
412 851
413 850
414 857
415 867
416 869
417 858
418 911
419 952
420 889
421 885
422 897
423 904
424 885
425 927
426 917
427 922
428 885
429 938
430 879
431 882
432 876
433 846
434 858
435 876
436 754
437 847
438 784
439 812
440 736
441 755
442 707
443 683
444 685
445 677
446 686
447 677
448 609
449 587
450 563
451 593
452 552
453 499
454 508
455 465
456 442
457 470
458 443
459 408
460 407
461 376
462 344
463 376
464 345
465 358
466 308
467 297
468 307
469 279
470 299
471 320
472 315
473 272
474 265
475 305
476 264
477 257
478 254
479 243
480 254
481 245
482 270
483 278
484 273
485 290
486 293
487 299
488 329
489 303
490 354
491 357
492 337
493 392
494 370
495 412
496 433
497 457
498 488
499 496
500 480
501 479
502 517
503 607
504 593
505 646
506 655
507 646
508 692
509 699
510 814
511 838
512 868
513 866
514 928
515 1026
516 1010
517 1156
518 1098
519 1158
520 1206
521 1229
522 1268
523 1311
524 1379
525 1459
526 1555
527 1639
528 1693
529 1707
530 1817
531 1795
532 1892
533 1943
534 1907
535 2007
536 2017
537 2045
538 2103
539 2211
540 2195
541 2248
542 2231
543 2153
544 2220
545 2255
546 2196
547 2338
548 2140
549 2201
550 2258
551 2134
552 2106
553 2030
554 2074
555 1983
556 1982
557 1980
558 1766
559 1806
560 1776
561 1634
562 1589
563 1491
564 1441
565 1376
566 1368
567 1313
568 1167
569 1055
570 1168
571 950
572 970
573 929
574 813
575 751
576 739
577 655
578 576
579 569
580 535
581 505
582 487
583 470
584 413
585 432
586 365
587 406
588 349
589 373
590 358
591 359
592 309
593 346
594 344
595 381
596 317
597 376
598 343
599 353
600 346
601 379
602 417
603 405
604 419
605 426
606 427
607 468
608 491
609 504
610 554
611 551
612 574
613 616
614 628
615 662
616 689
617 784
618 783
619 813
620 789
621 897
622 871
623 960
624 1024
625 1081
626 1102
627 1157
628 1169
629 1190
630 1297
631 1412
632 1401
633 1443
634 1479
635 1553
636 1538
637 1608
638 1724
639 1698
640 1796
641 1800
642 1878
643 1943
644 1981
645 1978
646 2104
647 2008
648 2133
649 2120
650 2073
651 2062
652 2132
653 2210
654 2159
655 2223
656 2141
657 2117
658 2144
659 2220
660 2091
661 2087
662 2025
663 1999
664 1962
665 1955
666 1864
667 1761
668 1756
669 1663
670 1645
671 1615
672 1491
673 1534
674 1455
675 1401
676 1306
677 1313
678 1231
679 1142
680 1108
681 1026
682 955
683 928
684 832
685 814
686 844
687 787
688 718
689 695
690 585
691 616
692 586
693 530
694 515
695 475
696 475
697 448
698 444
699 359
700 406
701 419
702 404
703 374
704 364
705 352
706 377
707 405
708 420
709 390
710 423
711 404
712 463
713 443
714 404
715 481
716 491
717 528
718 494
719 550
720 572
721 571
722 637
723 659
724 665
725 724
726 708
727 752
728 793
729 806
730 868
731 912
732 972
733 964
734 1101
735 1100
736 1160
737 1110
738 1161
739 1168
740 1299
741 1286
742 1348
743 1389
744 1468
745 1502
746 1543
747 1586
748 1656
749 1619
750 1644
751 1695
752 1739
753 1750
754 1810
755 1783
756 1899
757 1788
758 1867
759 1846
760 1946
761 1900
762 2000
763 1879
764 1952
765 1898
766 1887
767 1884
768 1970
769 1796
770 1912
771 1736
772 1898
773 1840
774 1750
775 1771
776 1709
777 1607
778 1618
779 1551
780 1561
781 1472
782 1420
783 1364
784 1353
785 1327
786 1250
787 1171
788 1155
789 1135
790 1033
791 941
792 976
793 869
794 913
795 755
796 783
797 790
798 711
799 685
800 703
801 590
802 583
803 567
804 533
805 545
806 522
807 455
808 450
809 415
810 462
811 434
812 426
813 447
814 496
815 428
816 457
817 455
818 461
819 471
820 493
821 462
822 490
823 539
824 512
825 531
826 507
827 581
828 554
829 618
830 588
831 665
832 655
833 744
834 745
835 784
836 776
837 839
838 850
839 876
840 936
841 1001
842 1036
843 1051
844 1038
845 1086
846 1122
847 1227
848 1256
849 1207
850 1260
851 1300
852 1362
853 1370
854 1459
855 1492
856 1540
857 1594
858 1653
859 1650
860 1713
861 1746
862 1673
863 1765
864 1782
865 1784
866 1857
867 1868
868 1923
869 1944
870 1883
871 1879
872 1875
873 1908
874 1856
875 1863
876 1903
877 1840
878 1898
879 1831
880 1774
881 1741
882 1815
883 1716
884 1748
885 1645
886 1660
887 1599
888 1573
889 1534
890 1521
891 1473
892 1516
893 1410
894 1307
895 1336
896 1205
897 1163
898 1132
899 1069
900 1029
901 1042
902 941
903 990
904 926
905 906
906 889
907 774
908 805
909 755
910 667
911 703
912 613
913 615
914 584
915 564
916 588
917 569
918 534
919 503
920 535
921 487
922 498
923 493
924 440
925 495
926 492
927 513
928 495
929 505
930 483
931 535
932 525
933 538
934 572
935 585
936 610
937 604
938 666
939 658
940 672
941 669
942 738
943 757
944 788
945 846
946 827
947 892
948 922
949 990
950 953
951 1028
952 1055
953 1098
954 1137
955 1160
956 1182
957 1221
958 1319
959 1287
960 1398
961 1319
962 1384
963 1441
964 1502
965 1557
966 1535
967 1572
968 1628
969 1645
970 1745
971 1696
972 1793
973 1744
974 1842
975 1831
976 1774
977 1837
978 1807
979 1854
980 1888
981 1855
982 1771
983 1862
984 1805
985 1859
986 1877
987 1828
988 1755
989 1814
990 1757
991 1781
992 1666
993 1764
994 1737
995 1634
996 1604
997 1523
998 1542
999 1511
