0 1000
1 1053
2 1001
3 1025
4 965
5 1025
6 976
7 950
8 1050
9 1005
10 1016
11 964
12 1061
13 973
14 1012
15 1014
16 1006
17 986
18 1036
19 910
20 996
21 1018
22 986
23 1028
24 945
25 988
26 982
27 981
28 1032
29 1059
30 994
31 1005
32 980
33 994
34 991
35 999
36 996
37 984
38 952
39 1049
40 946
41 1026
42 991
43 1002
44 1039
45 978
46 982
47 1021
48 1021
49 987
50 994
51 1015
52 999
53 989
54 951
55 1034
56 1003
57 1014
58 1005
59 1075
60 1044
61 1024
62 1011
63 1021
64 1007
65 976
66 1021
67 962
68 998
69 1049
70 1012
71 966
72 943
73 1009
74 997
75 1010
76 999
77 1016
78 1033
79 1013
80 1000
81 1010
82 1029
83 1043
84 1036
85 1030
86 971
87 970
88 1010
89 1005
90 977
91 978
92 999
93 982
94 999
95 1013
96 1029
97 1026
98 978
99 971
100 960
101 1006
102 974
103 992
104 940
105 1032
106 1035
107 1020
108 959
109 1033
110 999
111 1054
112 1028
113 1070
114 1057
115 928
116 1013
117 930
118 978
119 1036
120 978
121 1007
122 964
123 989
124 1035
125 1030
126 972
127 957
128 1011
129 1018
130 963
131 989
132 966
133 1034
134 960
135 1018
136 987
137 982
138 1055
139 1007
140 1022
141 989
142 1018
143 996
144 995
145 987
146 980
147 1022
148 997
149 978
150 1002
151 1031
152 1029
153 966
154 979
155 1097
156 1000
157 932
158 976
159 940
160 1046
161 973
162 1004
163 1002
164 1000
165 983
166 965
167 1014
168 1015
169 990
170 1043
171 1034
172 1042
173 1038
174 1021
175 975
176 1007
177 1002
178 1011
179 1060
180 946
181 999
182 991
183 1021
184 994
185 987
186 1068
187 1006
188 968
189 1007
190 979
191 1068
192 1017
193 1008
194 958
195 978
196 1028
197 1088
198 1033
199 992
200 966
201 1037
202 978
203 1014
204 984
205 1025
206 1026
207 992
208 1011
209 985
210 1030
211 1017
212 995
213 982
214 971
215 956
216 997
217 989
218 940
219 1031
220 1045
221 1001
222 1015
223 941
224 1001
225 986
226 999
227 953
228 956
229 969
230 1024
231 1011
232 1009
233 1003
234 994
235 1041
236 1001
237 1004
238 1018
239 1001
240 1027
241 973
242 973
243 983
244 988
245 961
246 932
247 1031
248 958
249 1008
250 975
251 1009
252 988
253 971
254 1033
255 1004
256 1022
257 988
258 996
259 1002
260 960
261 1065
262 1036
263 943
264 943
265 968
266 1037
267 1012
268 1041
269 1005
270 1030
271 978
272 975
273 971
274 979
275 985
276 972
277 944
278 1012
279 996
280 1009
281 970
282 953
283 995
284 1027
285 1008
286 1008
287 1018
288 1035
289 1005
290 1029
291 1006
292 1000
293 1041
294 968
295 1001
296 966
297 962
298 993
299 1004
300 1004
301 941
302 998
303 991
304 983
305 966
306 1087
307 1024
308 982
309 998
310 1022
311 985
312 1023
313 1044
314 964
315 998
316 1030
317 1048
318 994
319 940
320 1027
321 978
322 1009
323 993
324 938
325 961
326 979
327 980
328 1003
329 1020
330 1073
331 982
332 1015
333 985
334 1048
335 956
336 1002
337 980
338 972
339 1041
340 1059
341 995
342 1019
343 966
344 960
345 992
346 1051
347 1016
348 1024
349 1017
350 1047
351 964
352 986
353 1009
354 961
355 1015
356 966
357 998
358 982
359 968
360 994
361 1003
362 1030
363 1006
364 973
365 1013
366 987
367 1004
368 999
369 986
370 1008
371 1033
372 1023
373 1005
374 1022
375 961
376 1029
377 997
378 1016
379 1005
380 984
381 1003
382 994
383 1024
384 971
385 1052
386 951
387 990
388 989
389 1008
390 1001
391 1023
392 963
393 971
394 986
395 957
396 1049
397 934
398 1005
399 1014
400 966
401 971
402 1025
403 1045
404 1003
405 1017
406 1037
407 975
408 1007
409 976
410 955
411 1039
412 1032
413 979
414 1077
415 998
416 979
417 1031
418 1021
419 936
420 970
421 1003
422 1007
423 1002
424 979
425 941
426 1004
427 928
428 977
429 1011
430 1040
431 973
432 981
433 982
434 976
435 990
436 1026
437 1024
438 981
439 970
440 1014
441 1043
442 1070
443 989
444 977
445 1042
446 1046
447 977
448 990
449 1003
450 984
451 951
452 1026
453 985
454 1000
455 1042
456 1010
457 1013
458 959
459 1043
460 994
461 997
462 987
463 948
464 989
465 993
466 1046
467 999
468 960
469 976
470 983
471 1010
472 988
473 928
474 994
475 981
476 984
477 976
478 977
479 1054
480 996
481 986
482 977
483 1037
484 1016
485 953
486 963
487 996
488 1023
489 1038
490 1054
491 1009
492 1049
493 1007
494 1015
495 1030
496 963
497 1088
498 984
499 977
500 1019
501 1028
502 1057
503 952
504 1052
505 1015
506 1016
507 1040
508 978
509 1064
510 950
511 1025
512 989
513 967
514 1027
515 999
516 1029
517 990
518 1001
519 961
520 1014
521 1007
522 1004
523 999
524 962
525 1005
526 950
527 1087
528 1017
529 902
530 1003
531 1012
532 1024
533 1025
534 957
535 1030
536 965
537 991
538 1025
539 998
540 1015
541 1007
542 1008
543 979
544 1003
545 995
546 1051
547 992
548 990
549 994
550 1072
551 973
552 1019
553 983
554 1051
555 988
556 969
557 929
558 1007
559 1000
560 1024
561 1009
562 989
563 1023
564 1064
565 983
566 1031
567 1058
568 1028
569 1030
570 999
571 976
572 990
573 929
574 985
575 923
576 982
577 950
578 960
579 969
580 972
581 1022
582 993
583 976
584 999
585 943
586 1001
587 1032
588 1064
589 1039
590 1012
591 993
592 1032
593 1026
594 975
595 945
596 987
597 957
598 1004
599 1029
600 887
601 1024
602 957
603 1007
604 961
605 1011
606 1025
607 1045
608 1045
609 1015
610 1040
611 1053
612 998
613 940
614 962
615 995
616 972
617 1031
618 1022
619 1012
620 1045
621 990
622 1011
623 960
624 1026
625 1010
626 1011
627 1033
628 957
629 978
630 1031
631 1009
632 1022
633 1024
634 1003
635 964
636 963
637 1023
638 1001
639 1013
640 985
641 934
642 991
643 1032
644 992
645 954
646 1023
647 1027
648 1013
649 996
650 949
651 1002
652 1027
653 1042
654 997
655 940
656 1024
657 1008
658 1035
659 967
660 1042
661 1008
662 974
663 957
664 998
665 1020
666 997
667 1026
668 1010
669 996
670 972
671 957
672 1022
673 990
674 1019
675 1011
676 1029
677 931
678 1019
679 983
680 1011
681 969
682 966
683 1046
684 958
685 1040
686 942
687 1018
688 1002
689 1053
690 989
691 981
692 1011
693 1030
694 977
695 1012
696 993
697 1030
698 1020
699 986
700 998
701 1043
702 911
703 1008
704 1022
705 945
706 958
707 1045
708 1000
709 1048
710 1031
711 970
712 963
713 1066
714 956
715 960
716 1021
717 1014
718 1005
719 975
720 1027
721 1084
722 962
723 953
724 994
725 1006
726 1035
727 1010
728 1037
729 977
730 965
731 1029
732 1011
733 1009
734 1001
735 1027
736 997
737 1041
738 1016
739 962
740 1049
741 980
742 1010
743 1008
744 974
745 1011
746 1098
747 960
748 1064
749 1017
750 1067
751 972
752 960
753 1025
754 1013
755 957
756 968
757 972
758 963
759 994
760 1036
761 953
762 961
763 986
764 977
765 1031
766 995
767 983
768 1013
769 1012
770 1038
771 961
772 994
773 970
774 1027
775 995
776 1030
777 1008
778 1024
779 1018
780 968
781 957
782 937
783 993
784 971
785 1009
786 1010
787 1009
788 1025
789 993
790 1032
791 1034
792 1025
793 979
794 1026
795 997
796 1052
797 1015
798 1003
799 1048
800 1056
801 988
802 1014
803 1024
804 1019
805 1010
806 986
807 987
808 1000
809 1000
810 1012
811 995
812 973
813 942
814 978
815 966
816 958
817 1002
818 994
819 984
820 997
821 953
822 1012
823 1032
824 1018
825 1004
826 1032
827 1006
828 966
829 976
830 1012
831 985
832 921
833 1010
834 1053
835 967
836 1033
837 1023
838 987
839 994
840 1017
841 977
842 1000
843 967
844 1019
845 988
846 951
847 1002
848 957
849 1010
850 1005
851 1039
852 977
853 986
854 945
855 942
856 1085
857 1006
858 1042
859 1040
860 1002
861 1037
862 1016
863 975
864 996
865 1027
866 996
867 938
868 992
869 994
870 994
871 995
872 961
873 997
874 970
875 967
876 1000
877 944
878 985
879 1003
880 1000
881 975
882 1024
883 968
884 1014
885 1018
886 955
887 961
888 992
889 1054
890 1000
891 1038
892 946
893 932
894 989
895 1005
896 1048
897 982
898 1056
899 1063
900 1036
901 1016
902 1007
903 992
904 1006
905 984
906 969
907 1010
908 993
909 979
910 1053
911 1032
912 1047
913 988
914 989
915 987
916 956
917 936
918 1019
919 951
920 1020
921 1048
922 973
923 989
924 981
925 1009
926 982
927 1012
928 960
929 1039
930 1034
931 1048
932 1002
933 1017
934 1040
935 1018
936 997
937 1013
938 992
939 999
940 966
941 1023
942 967
943 1022
944 1037
945 1061
946 1006
947 1089
948 997
949 993
950 985
951 962
952 961
953 967
954 1016
955 998
956 1014
957 1020
958 1033
959 934
960 966
961 1026
962 1017
963 977
964 949
965 1002
966 1000
967 973
968 981
969 996
970 1017
971 1027
972 1039
973 991
974 943
975 1036
976 1049
977 1021
978 968
979 977
980 1005
981 969
982 1025
983 988
984 974
985 1009
986 1011
987 997
988 971
989 1000
990 1066
991 1017
992 1031
993 967
994 1029
995 1015
996 1036
997 957
998 1000
999 955
