0 997
1 997
2 976
3 969
4 1005
5 986
6 1024
7 957
8 1046
9 1015
10 984
11 997
12 985
13 1015
14 1022
15 1014
16 968
17 997
18 989
19 969
20 968
21 1117
22 1027
23 943
24 1012
25 1031
26 1002
27 980
28 1010
29 955
30 1014
31 991
32 1000
33 1021
34 1008
35 985
36 994
37 996
38 988
39 1005
40 1014
41 1084
42 995
43 962
44 977
45 1006
46 1020
47 1027
48 976
49 1002
50 1024
51 1030
52 1009
53 1021
54 994
55 1049
56 934
57 998
58 1006
59 1070
60 1059
61 941
62 1003
63 1009
64 1003
65 1068
66 1029
67 1027
68 974
69 957
70 998
71 1030
72 985
73 983
74 1019
75 997
76 981
77 1001
78 959
79 961
80 1001
81 1038
82 1018
83 1029
84 978
85 1025
86 999
87 951
88 1038
89 997
90 992
91 942
92 1020
93 1004
94 1006
95 985
96 1014
97 1063
98 935
99 1027
100 989
101 996
102 973
103 1003
104 1014
105 967
106 1025
107 992
108 980
109 977
110 1029
111 1002
112 998
113 999
114 975
115 994
116 1035
117 964
118 970
119 1023
120 1009
121 888
122 913
123 1028
124 984
125 1008
126 1011
127 964
128 978
129 1059
130 997
131 1058
132 950
133 1036
134 972
135 1004
136 1003
137 949
138 1023
139 994
140 990
141 1010
142 985
143 1019
144 967
145 1002
146 1058
147 1003
148 1002
149 960
150 1043
151 973
152 1006
153 1032
154 974
155 981
156 1028
157 1017
158 1037
159 972
160 1018
161 961
162 1028
163 998
164 964
165 1007
166 1004
167 1040
168 987
169 1027
170 1010
171 1013
172 1025
173 945
174 975
175 981
176 955
177 888
178 1036
179 1020
180 999
181 996
182 1016
183 929
184 980
185 961
186 1045
187 972
188 1028
189 948
190 984
191 982
192 1007
193 965
194 1019
195 998
196 997
197 1026
198 1006
199 978
200 1003
201 980
202 979
203 989
204 1020
205 1036
206 1059
207 1001
208 1014
209 949
210 991
211 983
212 1030
213 973
214 1020
215 1011
216 945
217 968
218 983
219 993
220 1075
221 1026
222 1020
223 1001
224 1028
225 1023
226 1036
227 949
228 1076
229 921
230 952
231 1011
232 1044
233 1021
234 1012
235 988
236 975
237 998
238 1109
239 1060
240 1074
241 963
242 959
243 1009
244 988
245 1013
246 1012
247 1017
248 968
249 989
250 970
251 977
252 1036
253 1022
254 1030
255 997
256 1045
257 1035
258 982
259 1012
260 1049
261 958
262 997
263 969
264 990
265 984
266 1027
267 997
268 1000
269 1011
270 1030
271 999
272 1049
273 1001
274 1023
275 953
276 1001
277 999
278 991
279 923
280 1037
281 987
282 1009
283 1019
284 1027
285 955
286 1038
287 1048
288 931
289 943
290 1020
291 988
292 1025
293 955
294 1009
295 1073
296 1010
297 965
298 994
299 1034
300 1006
301 1010
302 1056
303 956
304 938
305 1007
306 967
307 994
308 997
309 966
310 1014
311 1019
312 1009
313 1047
314 1018
315 1036
316 1009
317 1045
318 1009
319 973
320 996
321 938
322 1017
323 961
324 1053
325 958
326 979
327 1018
328 993
329 947
330 1005
331 1012
332 978
333 993
334 1020
335 975
336 1037
337 998
338 963
339 1029
340 1022
341 997
342 983
343 1028
344 996
345 969
346 1015
347 984
348 1049
349 1015
350 982
351 1005
352 1007
353 998
354 1006
355 935
356 985
357 998
358 1037
359 1026
360 1026
361 989
362 1011
363 1016
364 970
365 985
366 952
367 1005
368 1049
369 991
370 1009
371 1007
372 1027
373 962
374 998
375 968
376 978
377 986
378 1056
379 998
380 969
381 983
382 999
383 970
384 1006
385 1024
386 1003
387 986
388 982
389 1046
390 998
391 995
392 982
393 1007
394 993
395 1010
396 951
397 1021
398 1050
399 972
400 996
401 1087
402 965
403 1045
404 948
405 971
406 1031
407 972
408 1031
409 1044
410 1028
411 992
412 988
413 991
414 961
415 1091
416 912
417 970
418 1013
419 1010
420 983
421 997
422 994
423 930
424 1006
425 1049
426 977
427 967
428 983
429 1002
430 1046
431 1035
432 956
433 1028
434 1005
435 971
436 998
437 975
438 961
439 1050
440 984
441 992
442 999
443 963
444 998
445 962
446 1029
447 1021
448 994
449 1008
450 1046
451 978
452 993
453 1046
454 971
455 1008
456 1014
457 974
458 988
459 943
460 984
461 1006
462 979
463 993
464 991
465 968
466 952
467 1018
468 997
469 972
470 962
471 1016
472 1023
473 1013
474 987
475 1051
476 976
477 1013
478 1024
479 969
480 972
481 974
482 1064
483 989
484 986
485 978
486 988
487 986
488 1041
489 931
490 1023
491 1037
492 1021
493 993
494 1054
495 987
496 988
497 1047
498 967
499 1034
500 1016
501 1053
502 1023
503 990
504 1054
505 984
506 965
507 1046
508 1030
509 986
510 1000
511 989
512 960
513 1034
514 1003
515 945
516 1017
517 1017
518 974
519 996
520 999
521 1046
522 985
523 1057
524 1015
525 1063
526 1044
527 999
528 998
529 986
530 979
531 987
532 1017
533 1069
534 1029
535 986
536 1016
537 1044
538 983
539 976
540 1020
541 981
542 1010
543 998
544 950
545 988
546 980
547 1080
548 1018
549 1000
550 985
551 984
552 1033
553 1015
554 1073
555 1006
556 1051
557 976
558 1023
559 1009
560 1045
561 1017
562 954
563 1004
564 1054
565 1047
566 976
567 985
568 972
569 885
570 966
571 1021
572 1010
573 989
574 1012
575 990
576 953
577 1024
578 972
579 986
580 977
581 1009
582 955
583 1040
584 991
585 946
586 1030
587 1021
588 996
589 968
590 975
591 983
592 1024
593 1011
594 1008
595 1024
596 992
597 989
598 1017
599 1032
600 1058
601 1028
602 1012
603 958
604 1018
605 1010
606 1048
607 997
608 998
609 1060
610 987
611 1025
612 982
613 986
614 1025
615 1021
616 1033
617 964
618 992
619 993
620 1034
621 973
622 1024
623 964
624 998
625 1003
626 946
627 956
628 953
629 1009
630 997
631 973
632 999
633 1022
634 987
635 1001
636 944
637 1008
638 965
639 964
640 957
641 1022
642 992
643 1010
644 975
645 963
646 942
647 997
648 1062
649 990
650 989
651 1009
652 1050
653 1015
654 1006
655 1032
656 980
657 945
658 976
659 1017
660 988
661 994
662 982
663 1022
664 1007
665 1050
666 939
667 989
668 942
669 928
670 964
671 949
672 993
673 1021
674 1016
675 998
676 997
677 954
678 1052
679 971
680 1041
681 1029
682 1004
683 989
684 1006
685 976
686 972
687 1025
688 999
689 1019
690 973
691 1064
692 961
693 960
694 973
695 1073
696 1001
697 991
698 1008
699 1086
700 1032
701 1031
702 1020
703 1012
704 1030
705 1026
706 977
707 1027
708 1017
709 1022
710 1034
711 1045
712 1018
713 1015
714 1018
715 971
716 1049
717 991
718 968
719 974
720 1012
721 1033
722 965
723 1036
724 993
725 961
726 985
727 1045
728 968
729 997
730 950
731 983
732 989
733 988
734 938
735 1018
736 992
737 1000
738 1040
739 1012
740 975
741 1000
742 987
743 1012
744 1024
745 963
746 1021
747 990
748 980
749 975
750 1007
751 1023
752 978
753 996
754 1002
755 1015
756 1041
757 1015
758 997
759 1024
760 1016
761 968
762 1012
763 1015
764 952
765 905
766 1004
767 979
768 1008
769 994
770 1049
771 972
772 1079
773 943
774 939
775 1022
776 936
777 1047
778 1008
779 996
780 995
781 1015
782 975
783 1013
784 1032
785 1062
786 991
787 952
788 1023
789 920
790 1010
791 971
792 1022
793 1050
794 966
795 978
796 1012
797 972
798 990
799 987
800 982
801 963
802 1004
803 987
804 942
805 1028
806 1044
807 1060
808 1051
809 976
810 1018
811 976
812 1030
813 989
814 981
815 969
816 995
817 1026
818 1019
819 1017
820 957
821 1030
822 998
823 982
824 1058
825 1047
826 1020
827 1016
828 974
829 937
830 987
831 1011
832 979
833 956
834 983
835 976
836 986
837 969
838 1063
839 992
840 1025
841 1001
842 987
843 1011
844 899
845 996
846 969
847 1044
848 1061
849 976
850 977
851 989
852 986
853 923
854 1006
855 1043
856 993
857 1001
858 976
859 1009
860 990
861 978
862 985
863 988
864 1005
865 1057
866 995
867 1010
868 1042
869 1027
870 955
871 1011
872 1034
873 1029
874 981
875 962
876 982
877 1006
878 972
879 1048
880 1035
881 977
882 981
883 963
884 1022
885 1004
886 968
887 975
888 990
889 996
890 1032
891 956
892 976
893 951
894 1011
895 978
896 966
897 974
898 981
899 978
900 969
901 983
902 1007
903 993
904 1019
905 990
906 932
907 950
908 1014
909 941
910 989
911 999
912 995
913 994
914 972
915 1050
916 1011
917 1054
918 1008
919 996
920 1009
921 931
922 1010
923 982
924 1003
925 1052
926 1040
927 999
928 1039
929 968
930 982
931 1033
932 1007
933 1034
934 1003
935 933
936 965
937 1014
938 1034
939 948
940 1000
941 1069
942 1007
943 1016
944 999
945 968
946 1065
947 1015
948 987
949 1026
950 1038
951 979
952 1057
953 979
954 982
955 1048
956 967
957 1044
958 1056
959 991
960 1004
961 941
962 950
963 1019
964 1059
965 1010
966 1012
967 1059
968 997
969 995
970 969
971 982
972 963
973 972
974 969
975 1019
976 1041
977 979
978 989
979 1024
980 1030
981 1018
982 1005
983 1018
984 1036
985 1007
986 1009
987 1004
988 977
989 1019
990 1005
991 979
992 1045
993 986
994 1021
995 1076
996 1008
997 1069
998 995
999 1029
