0 1390
1 1067
2 1019
3 893
4 1109
5 597
6 710
7 812
8 1252
9 975
10 1111
11 957
12 1118
13 935
14 1136
15 970
16 1265
17 820
18 716
19 660
20 1063
21 853
22 992
23 1040
24 1328
25 843
26 879
27 879
28 1391
29 911
30 1103
31 916
32 1138
33 922
34 1145
35 936
36 1293
37 946
38 811
39 910
40 1253
41 1040
42 1006
43 890
44 1144
45 624
46 749
47 863
48 1327
49 938
50 1117
51 907
52 1176
53 942
54 1088
55 933
56 1290
57 864
58 722
59 655
60 1077
61 846
62 960
63 1069
64 1402
65 853
66 889
67 908
68 1352
69 909
70 1127
71 985
72 1124
73 974
74 1105
75 939
76 1310
77 939
78 833
79 853
80 1381
81 1018
82 1053
83 893
84 1095
85 594
86 703
87 784
88 1309
89 946
90 1106
91 924
92 1110
93 935
94 1139
95 930
96 1308
97 837
98 747
99 681
100 1110
101 881
102 1003
103 1073
104 1291
105 816
106 900
107 856
108 1343
109 927
110 1040
111 914
112 1158
113 923
114 1172
115 942
116 1414
117 907
118 801
119 826
120 1314
121 1071
122 960
123 882
124 1112
125 681
126 755
127 836
128 1352
129 967
130 1138
131 887
132 1135
133 961
134 1106
135 944
136 1316
137 897
138 721
139 636
140 1142
141 836
142 968
143 1045
144 1333
145 848
146 858
147 906
148 1393
149 1004
150 1107
151 952
152 1110
153 966
154 1094
155 922
156 1331
157 876
158 762
159 903
160 1297
161 1037
162 1015
163 840
164 1078
165 595
166 740
167 856
168 1297
169 953
170 1179
171 992
172 1186
173 887
174 1164
175 959
176 1314
177 860
178 746
179 680
180 1093
181 838
182 1006
183 1030
184 1394
185 928
186 805
187 904
188 1404
189 961
190 1149
191 955
192 1169
193 907
194 1128
195 909
196 1347
197 873
198 839
199 873
200 1380
201 1081
202 958
203 866
204 1090
205 606
206 753
207 875
208 1258
209 916
210 1101
211 955
212 1129
213 1007
214 1085
215 961
216 1301
217 829
218 736
219 648
220 1086
221 864
222 975
223 1105
224 1314
225 860
226 861
227 949
228 1235
229 992
230 1151
231 959
232 1160
233 932
234 1063
235 986
236 1375
237 919
238 848
239 843
240 1372
241 1066
242 993
243 899
244 1120
245 584
246 731
247 873
248 1338
249 950
250 1120
251 998
252 1213
253 932
254 1117
255 934
256 1276
257 839
258 758
259 612
260 1070
261 872
262 946
263 1075
264 1249
265 903
266 823
267 892
268 1322
269 983
270 1085
271 916
272 1215
273 924
274 1064
275 981
276 1346
277 795
278 846
279 885
280 1345
281 1144
282 975
283 877
284 1109
285 658
286 733
287 852
288 1312
289 915
290 1124
291 966
292 1179
293 963
294 1105
295 983
296 1297
297 848
298 718
299 592
300 1085
301 883
302 992
303 1015
304 1336
305 926
306 832
307 867
308 1377
309 936
310 1090
311 939
312 1158
313 943
314 1088
315 976
316 1421
317 857
318 847
319 946
320 1336
321 1096
322 984
323 835
324 1130
325 662
326 709
327 857
328 1336
329 957
330 1120
331 977
332 1184
333 994
334 1061
335 951
336 1315
337 823
338 745
339 629
340 1121
341 906
342 993
343 1030
344 1378
345 854
346 819
347 901
348 1373
349 936
350 1062
351 970
352 1124
353 945
354 1098
355 947
356 1300
357 897
358 843
359 882
360 1361
361 1021
362 978
363 855
364 1126
365 615
366 711
367 857
368 1316
369 954
370 1142
371 997
372 1109
373 1009
374 1135
375 915
376 1324
377 849
378 757
379 622
380 1135
381 875
382 989
383 1084
384 1321
385 808
386 870
387 926
388 1395
389 1002
390 1122
391 991
392 1158
393 924
394 1131
395 923
396 1380
397 880
398 841
399 870
400 1335
401 1107
402 1018
403 832
404 1053
405 647
406 731
407 808
408 1263
409 928
410 1112
411 952
412 1098
413 911
414 1121
415 928
416 1217
417 874
418 698
419 601
420 1076
421 834
422 1040
423 992
424 1366
425 862
426 848
427 891
428 1343
429 988
430 1071
431 899
432 1153
433 970
434 1092
435 1010
436 1359
437 925
438 835
439 888
440 1383
441 1061
442 957
443 841
444 1090
445 632
446 751
447 865
448 1354
449 958
450 1168
451 946
452 1158
453 960
454 1117
455 953
456 1299
457 860
458 729
459 622
460 1130
461 851
462 1057
463 1005
464 1346
465 824
466 839
467 950
468 1346
469 953
470 1091
471 970
472 1123
473 999
474 1128
475 1007
476 1372
477 896
478 871
479 829
480 1325
481 1065
482 956
483 834
484 1054
485 678
486 686
487 856
488 1368
489 998
490 1109
491 930
492 1147
493 975
494 1146
495 958
496 1368
497 823
498 758
499 623
500 1089
501 848
502 970
503 1021
504 1405
505 811
506 849
507 835
508 1406
509 955
510 1049
511 934
512 1197
513 946
514 1131
515 940
516 1351
517 913
518 875
519 849
520 1393
521 1041
522 943
523 835
524 1085
525 659
526 762
527 836
528 1325
529 932
530 1136
531 932
532 1135
533 953
534 1104
535 950
536 1361
537 838
538 757
539 653
540 1048
541 867
542 1076
543 1031
544 1317
545 810
546 884
547 942
548 1312
549 977
550 1065
551 953
552 1127
553 944
554 1185
555 983
556 1321
557 847
558 785
559 844
560 1347
561 1049
562 1010
563 873
564 1108
565 659
566 760
567 863
568 1245
569 958
570 1141
571 888
572 1142
573 1019
574 1141
575 971
576 1255
577 883
578 777
579 577
580 1117
581 867
582 977
583 1084
584 1320
585 865
586 824
587 885
588 1434
589 945
590 1050
591 938
592 1093
593 975
594 1148
595 1041
596 1390
597 837
598 841
599 884
600 1356
601 1034
602 1017
603 814
604 1145
605 601
606 722
607 856
608 1325
609 882
610 1069
611 966
612 1164
613 956
614 1127
615 994
616 1396
617 832
618 731
619 670
620 1101
621 797
622 971
623 1016
624 1353
625 843
626 847
627 921
628 1343
629 946
630 1147
631 901
632 1178
633 943
634 1136
635 990
636 1345
637 890
638 865
639 845
640 1405
641 1064
642 1021
643 852
644 1058
645 628
646 698
647 812
648 1352
649 895
650 1118
651 982
652 1162
653 936
654 1135
655 971
656 1240
657 859
658 720
659 648
660 1064
661 830
662 982
663 1048
664 1339
665 813
666 874
667 897
668 1365
669 954
670 1057
671 998
672 1132
673 948
674 1086
675 980
676 1312
677 838
678 836
679 917
680 1336
681 1028
682 984
683 869
684 1112
685 630
686 744
687 820
688 1254
689 951
690 1103
691 965
692 1143
693 994
694 1086
695 933
696 1337
697 855
698 735
699 647
700 1112
701 910
702 979
703 1066
704 1352
705 857
706 856
707 894
708 1387
709 949
710 1078
711 922
712 1125
713 934
714 1068
715 1032
716 1358
717 861
718 867
719 872
720 1275
721 1053
722 967
723 843
724 1134
725 681
726 732
727 871
728 1282
729 916
730 1117
731 1007
732 1165
733 945
734 1087
735 928
736 1363
737 829
738 761
739 619
740 1113
741 867
742 948
743 1015
744 1327
745 893
746 823
747 881
748 1322
749 965
750 1080
751 974
752 1085
753 946
754 1104
755 927
756 1349
757 911
758 844
759 846
760 1285
761 1062
762 993
763 853
764 1136
765 605
766 707
767 878
768 1360
769 910
770 1108
771 923
772 1211
773 964
774 1134
775 968
776 1348
777 886
778 720
779 587
780 1073
781 862
782 987
783 1052
784 1353
785 847
786 855
787 861
788 1327
789 936
790 1161
791 967
792 1183
793 1009
794 1082
795 976
796 1346
797 863
798 838
799 849
800 1322
801 1009
802 1049
803 828
804 1085
805 666
806 705
807 878
808 1343
809 968
810 1142
811 870
812 1185
813 933
814 1134
815 932
816 1338
817 798
818 735
819 639
820 1118
821 892
822 972
823 1003
824 1356
825 942
826 837
827 871
828 1326
829 995
830 1077
831 1014
832 1137
833 927
834 1110
835 955
836 1338
837 946
838 850
839 775
840 1337
841 1016
842 969
843 842
844 1112
845 635
846 729
847 933
848 1299
849 1026
850 1094
851 922
852 1205
853 1010
854 1073
855 929
856 1305
857 858
858 748
859 642
860 1111
861 837
862 1015
863 1069
864 1298
865 833
866 859
867 929
868 1361
869 988
870 1069
871 918
872 1198
873 934
874 1163
875 948
876 1318
877 877
878 840
879 833
880 1303
881 1025
882 1028
883 847
884 1095
885 651
886 711
887 856
888 1374
889 985
890 1093
891 982
892 1188
893 977
894 1142
895 921
896 1320
897 863
898 736
899 636
900 1096
901 857
902 944
903 1022
904 1334
905 791
906 816
907 896
908 1398
909 957
910 1152
911 980
912 1145
913 858
914 1066
915 990
916 1359
917 913
918 801
919 836
920 1341
921 1037
922 1000
923 834
924 1074
925 622
926 745
927 819
928 1262
929 981
930 1075
931 903
932 1130
933 985
934 1167
935 975
936 1259
937 838
938 706
939 604
940 1077
941 860
942 955
943 1004
944 1352
945 858
946 860
947 935
948 1379
949 1002
950 1143
951 972
952 1142
953 993
954 1100
955 1000
956 1356
957 932
958 866
959 820
960 1361
961 1121
962 964
963 840
964 1108
965 620
966 705
967 821
968 1325
969 946
970 1029
971 959
972 1192
973 910
974 1138
975 961
976 1315
977 903
978 708
979 618
980 1091
981 801
982 983
983 1077
984 1391
985 889
986 884
987 887
988 1331
989 960
990 1076
991 910
992 1100
993 944
994 1099
995 999
996 1287
997 889
998 828
999 895
