0 9591
1 593
2 335
3 514
4 830
5 410
6 517
7 582
8 2333
9 569
10 1419
11 379
12 796
13 473
14 439
15 544
16 2497
17 541
18 485
19 548
20 4157
21 557
22 385
23 471
24 2352
25 486
26 567
27 565
28 746
29 551
30 1475
31 504
32 2345
33 528
34 430
35 566
36 706
37 543
38 565
39 505
40 5972
41 542
42 357
43 510
44 815
45 427
46 493
47 610
48 2380
49 544
50 1493
51 374
52 940
53 521
54 413
55 544
56 2443
57 499
58 538
59 561
60 2991
61 529
62 405
63 484
64 2376
65 482
66 493
67 567
68 805
69 570
70 1482
71 475
72 2360
73 532
74 391
75 514
76 737
77 515
78 566
79 509
80 6041
81 589
82 325
83 516
84 799
85 388
86 488
87 639
88 2409
89 567
90 1550
91 423
92 872
93 495
94 440
95 525
96 2436
97 499
98 541
99 550
100 4160
101 589
102 456
103 496
104 2406
105 473
106 532
107 579
108 721
109 531
110 1471
111 468
112 2386
113 556
114 399
115 544
116 701
117 510
118 561
119 505
120 5924
121 548
122 351
123 495
124 794
125 3592
126 494
127 630
128 2426
129 568
130 1567
131 354
132 825
133 485
134 441
135 548
136 2415
137 518
138 530
139 568
140 3034
141 548
142 417
143 480
144 2407
145 422
146 559
147 556
148 749
149 551
150 1492
151 526
152 2347
153 538
154 363
155 509
156 709
157 511
158 572
159 495
160 4681
161 567
162 370
163 526
164 829
165 426
166 512
167 608
168 2344
169 572
170 1586
171 406
172 878
173 472
174 387
175 561
176 2402
177 487
178 548
179 563
180 3000
181 576
182 417
183 474
184 2405
185 493
186 508
187 563
188 779
189 521
190 1519
191 458
192 2387
193 513
194 417
195 563
196 778
197 485
198 591
199 538
200 5878
201 550
202 380
203 532
204 817
205 386
206 455
207 658
208 2337
209 543
210 1453
211 409
212 853
213 469
214 410
215 553
216 2429
217 482
218 504
219 546
220 4173
221 602
222 395
223 450
224 2487
225 448
226 572
227 528
228 757
229 572
230 1548
231 450
232 2412
233 545
234 393
235 546
236 729
237 500
238 556
239 505
240 5840
241 594
242 365
243 536
244 839
245 420
246 528
247 610
248 2400
249 643
250 4600
251 383
252 876
253 499
254 460
255 558
256 2524
257 507
258 564
259 565
260 2968
261 557
262 424
263 540
264 2409
265 441
266 556
267 560
268 768
269 560
270 1448
271 472
272 2379
273 547
274 410
275 541
276 707
277 477
278 552
279 528
280 5815
281 583
282 365
283 507
284 818
285 400
286 486
287 634
288 2353
289 573
290 1622
291 420
292 877
293 464
294 418
295 559
296 2381
297 560
298 522
299 593
300 4082
301 505
302 447
303 526
304 2406
305 427
306 558
307 531
308 766
309 525
310 1440
311 483
312 2343
313 499
314 392
315 522
316 682
317 474
318 558
319 531
320 5991
321 569
322 344
323 511
324 809
325 417
326 538
327 606
328 2388
329 559
330 1498
331 394
332 888
333 458
334 383
335 559
336 2385
337 505
338 515
339 537
340 3034
341 601
342 388
343 466
344 2483
345 456
346 557
347 577
348 732
349 508
350 1504
351 472
352 2387
353 523
354 419
355 550
356 721
357 550
358 542
359 498
360 4644
361 583
362 355
363 480
364 817
365 403
366 499
367 598
368 2387
369 534
370 1501
371 361
372 828
373 507
374 392
375 3434
376 2493
377 514
378 527
379 574
380 3013
381 591
382 428
383 479
384 2415
385 493
386 558
387 570
388 777
389 536
390 1528
391 446
392 2272
393 497
394 445
395 559
396 729
397 506
398 557
399 489
400 5923
401 581
402 351
403 447
404 849
405 431
406 536
407 631
408 2360
409 620
410 1501
411 405
412 827
413 445
414 444
415 563
416 2406
417 504
418 541
419 548
420 4212
421 580
422 389
423 485
424 2416
425 490
426 523
427 545
428 764
429 554
430 1511
431 466
432 2385
433 570
434 414
435 481
436 765
437 497
438 567
439 540
440 6013
441 556
442 384
443 493
444 813
445 382
446 492
447 631
448 2482
449 555
450 1453
451 387
452 829
453 529
454 449
455 530
456 2374
457 493
458 559
459 575
460 3004
461 560
462 415
463 452
464 2548
465 467
466 507
467 528
468 773
469 536
470 1421
471 468
472 2397
473 505
474 409
475 538
476 752
477 538
478 577
479 496
480 6020
481 548
482 364
483 468
484 776
485 385
486 489
487 609
488 2418
489 576
490 1540
491 372
492 847
493 499
494 432
495 542
496 2415
497 530
498 555
499 580
500 7198
501 545
502 380
503 458
504 2475
505 446
506 497
507 549
508 772
509 543
510 1491
511 507
512 2384
513 579
514 375
515 502
516 731
517 495
518 569
519 485
520 5939
521 587
522 359
523 467
524 811
525 433
526 530
527 605
528 2380
529 560
530 1613
531 376
532 870
533 470
534 406
535 571
536 2472
537 509
538 544
539 526
540 2960
541 584
542 414
543 466
544 2456
545 407
546 565
547 576
548 726
549 531
550 1496
551 451
552 2405
553 551
554 407
555 524
556 813
557 509
558 549
559 549
560 4709
561 555
562 374
563 517
564 804
565 437
566 490
567 587
568 2284
569 578
570 1508
571 368
572 838
573 500
574 426
575 587
576 2339
577 533
578 572
579 515
580 2994
581 555
582 413
583 462
584 2395
585 447
586 535
587 526
588 793
589 537
590 1479
591 493
592 2389
593 552
594 461
595 540
596 701
597 555
598 563
599 487
600 5938
601 561
602 336
603 496
604 812
605 362
606 488
607 627
608 2417
609 557
610 1444
611 406
612 842
613 473
614 415
615 561
616 2438
617 521
618 507
619 507
620 4123
621 596
622 431
623 457
624 2414
625 3503
626 552
627 561
628 748
629 529
630 1517
631 498
632 2326
633 515
634 384
635 512
636 720
637 504
638 542
639 521
640 6001
641 608
642 339
643 526
644 793
645 403
646 502
647 589
648 2444
649 567
650 1418
651 369
652 807
653 495
654 392
655 560
656 2452
657 508
658 542
659 516
660 3013
661 550
662 384
663 498
664 2422
665 434
666 582
667 533
668 768
669 542
670 1521
671 484
672 2428
673 579
674 431
675 525
676 795
677 499
678 581
679 512
680 6050
681 565
682 348
683 507
684 820
685 432
686 510
687 626
688 2406
689 578
690 1444
691 376
692 845
693 499
694 407
695 577
696 2330
697 520
698 522
699 594
700 4160
701 580
702 392
703 474
704 2434
705 455
706 548
707 574
708 765
709 540
710 1406
711 447
712 2313
713 531
714 392
715 532
716 755
717 505
718 514
719 478
720 5963
721 561
722 351
723 519
724 783
725 425
726 502
727 616
728 2380
729 623
730 1520
731 396
732 840
733 458
734 446
735 602
736 2485
737 494
738 524
739 557
740 3088
741 564
742 377
743 489
744 2450
745 440
746 582
747 517
748 760
749 539
750 4398
751 485
752 2219
753 554
754 408
755 565
756 691
757 491
758 569
759 496
760 4702
761 538
762 397
763 488
764 817
765 422
766 492
767 622
768 2375
769 534
770 1531
771 427
772 862
773 516
774 406
775 547
776 2369
777 472
778 576
779 559
780 3007
781 570
782 416
783 488
784 2443
785 422
786 505
787 559
788 734
789 552
790 1547
791 471
792 2404
793 540
794 410
795 524
796 765
797 559
798 554
799 533
800 5880
801 519
802 356
803 504
804 795
805 432
806 539
807 656
808 2434
809 579
810 1484
811 414
812 834
813 495
814 405
815 552
816 2400
817 506
818 567
819 549
820 4161
821 535
822 403
823 509
824 2455
825 427
826 529
827 544
828 739
829 561
830 1508
831 471
832 2329
833 527
834 413
835 521
836 748
837 514
838 573
839 503
840 5973
841 597
842 404
843 528
844 817
845 428
846 474
847 596
848 2399
849 560
850 1536
851 409
852 900
853 460
854 449
855 565
856 2387
857 563
858 547
859 552
860 2978
861 535
862 423
863 494
864 2443
865 505
866 532
867 583
868 767
869 555
870 1477
871 487
872 2488
873 523
874 426
875 3687
876 759
877 526
878 570
879 498
880 6016
881 567
882 391
883 528
884 821
885 377
886 522
887 581
888 2388
889 591
890 1590
891 370
892 884
893 466
894 415
895 507
896 2479
897 479
898 524
899 525
900 4286
901 533
902 386
903 487
904 2478
905 434
906 551
907 585
908 787
909 562
910 1480
911 467
912 2429
913 490
914 411
915 545
916 742
917 485
918 579
919 507
920 5873
921 568
922 332
923 510
924 779
925 407
926 493
927 646
928 2356
929 594
930 1592
931 386
932 844
933 480
934 447
935 566
936 2485
937 555
938 511
939 558
940 3032
941 576
942 385
943 536
944 2478
945 460
946 511
947 515
948 788
949 533
950 1513
951 473
952 2373
953 510
954 400
955 487
956 692
957 534
958 530
959 500
960 4769
961 552
962 379
963 523
964 825
965 394
966 488
967 642
968 2272
969 608
970 1422
971 373
972 856
973 523
974 413
975 565
976 2397
977 529
978 507
979 548
980 3030
981 560
982 365
983 472
984 2408
985 437
986 501
987 536
988 732
989 575
990 1437
991 489
992 2359
993 527
994 363
995 467
996 741
997 459
998 562
999 501
