0 1267
1 1039
2 979
3 821
4 1131
5 834
6 952
7 990
8 1226
9 897
10 967
11 884
12 1138
13 965
14 1151
15 941
16 1354
17 892
18 867
19 809
20 1350
21 1056
22 979
23 959
24 1267
25 922
26 978
27 880
28 1187
29 701
30 854
31 908
32 1240
33 1009
34 1105
35 903
36 1243
37 843
38 789
39 822
40 1333
41 1018
42 918
43 839
44 1156
45 851
46 915
47 991
48 1381
49 821
50 953
51 883
52 1132
53 957
54 1097
55 885
56 1307
57 902
58 843
59 898
60 1310
61 1061
62 1083
63 983
64 1256
65 854
66 924
67 905
68 1228
69 709
70 868
71 854
72 1245
73 991
74 1148
75 914
76 1265
77 823
78 826
79 888
80 1342
81 975
82 1000
83 842
84 1157
85 803
86 946
87 1000
88 1320
89 872
90 950
91 843
92 1114
93 912
94 1116
95 934
96 1307
97 868
98 746
99 870
100 1305
101 986
102 1090
103 961
104 1301
105 948
106 937
107 868
108 1194
109 692
110 829
111 857
112 1225
113 1004
114 1119
115 912
116 1225
117 799
118 829
119 862
120 1346
121 1012
122 953
123 880
124 1200
125 781
126 970
127 1091
128 1337
129 860
130 940
131 836
132 1099
133 924
134 1130
135 954
136 1349
137 874
138 857
139 845
140 1341
141 1028
142 1069
143 922
144 1177
145 925
146 924
147 895
148 1234
149 690
150 849
151 886
152 1207
153 1017
154 1122
155 911
156 1191
157 825
158 846
159 868
160 1347
161 996
162 961
163 898
164 1210
165 791
166 970
167 1008
168 1367
169 906
170 995
171 866
172 1105
173 953
174 1073
175 981
176 1268
177 884
178 805
179 839
180 1349
181 1034
182 1051
183 985
184 1279
185 867
186 942
187 889
188 1193
189 744
190 870
191 926
192 1242
193 960
194 1072
195 894
196 1229
197 856
198 800
199 865
200 1289
201 1009
202 967
203 860
204 1166
205 801
206 1033
207 969
208 1315
209 866
210 962
211 840
212 1164
213 962
214 1107
215 938
216 1331
217 884
218 801
219 763
220 1324
221 1001
222 1042
223 954
224 1264
225 942
226 990
227 871
228 1230
229 720
230 867
231 876
232 1205
233 971
234 1151
235 836
236 1225
237 819
238 825
239 854
240 1280
241 973
242 998
243 809
244 1171
245 760
246 941
247 1021
248 1363
249 845
250 986
251 823
252 1111
253 940
254 1113
255 1002
256 1301
257 859
258 832
259 848
260 1327
261 990
262 1069
263 990
264 1251
265 923
266 907
267 888
268 1189
269 732
270 849
271 888
272 1195
273 956
274 1103
275 870
276 1228
277 787
278 823
279 837
280 1392
281 1039
282 1001
283 820
284 1208
285 794
286 949
287 991
288 1311
289 879
290 946
291 869
292 1193
293 975
294 1126
295 973
296 1299
297 843
298 835
299 888
300 1263
301 1037
302 1068
303 947
304 1275
305 864
306 885
307 894
308 1154
309 703
310 841
311 846
312 1232
313 991
314 1096
315 881
316 1183
317 805
318 827
319 884
320 1363
321 1048
322 954
323 841
324 1134
325 803
326 948
327 994
328 1345
329 902
330 942
331 804
332 1141
333 942
334 1060
335 903
336 1347
337 839
338 879
339 815
340 1292
341 1054
342 1067
343 930
344 1243
345 906
346 906
347 956
348 1190
349 721
350 834
351 855
352 1246
353 970
354 1091
355 853
356 1232
357 808
358 829
359 824
360 1313
361 1027
362 963
363 815
364 1152
365 845
366 961
367 1042
368 1324
369 809
370 973
371 859
372 1155
373 892
374 1043
375 906
376 1296
377 848
378 823
379 844
380 1385
381 1057
382 1045
383 945
384 1285
385 937
386 927
387 864
388 1174
389 741
390 849
391 888
392 1219
393 1015
394 1103
395 861
396 1165
397 821
398 840
399 905
400 1313
401 1032
402 937
403 838
404 1192
405 759
406 956
407 1005
408 1290
409 863
410 952
411 841
412 1117
413 950
414 1103
415 999
416 1338
417 898
418 851
419 898
420 1376
421 1065
422 1042
423 981
424 1197
425 884
426 894
427 934
428 1154
429 694
430 872
431 856
432 1237
433 1006
434 1106
435 909
436 1204
437 844
438 863
439 852
440 1340
441 1051
442 944
443 810
444 1110
445 770
446 964
447 1011
448 1316
449 880
450 933
451 894
452 1111
453 915
454 1082
455 897
456 1333
457 911
458 881
459 848
460 1337
461 1058
462 1038
463 916
464 1294
465 906
466 941
467 868
468 1234
469 744
470 854
471 932
472 1156
473 948
474 1102
475 907
476 1218
477 821
478 789
479 851
480 1277
481 1055
482 1007
483 808
484 1163
485 796
486 953
487 1023
488 1355
489 842
490 975
491 860
492 1089
493 927
494 1094
495 1016
496 1307
497 898
498 798
499 890
500 1317
501 983
502 1022
503 925
504 1207
505 871
506 909
507 873
508 1190
509 702
510 822
511 846
512 1216
513 1037
514 1124
515 913
516 1219
517 834
518 811
519 810
520 1331
521 1042
522 937
523 820
524 1166
525 800
526 982
527 995
528 1322
529 831
530 968
531 834
532 1160
533 917
534 1101
535 1019
536 1288
537 823
538 785
539 870
540 1331
541 1045
542 1034
543 977
544 1273
545 888
546 926
547 916
548 1273
549 759
550 845
551 867
552 1187
553 982
554 1134
555 927
556 1216
557 798
558 804
559 862
560 1373
561 1028
562 972
563 806
564 1149
565 804
566 944
567 1026
568 1308
569 881
570 1002
571 853
572 1125
573 911
574 1110
575 1031
576 1327
577 864
578 812
579 853
580 1420
581 1006
582 1080
583 941
584 1255
585 868
586 890
587 793
588 1207
589 728
590 857
591 875
592 1183
593 968
594 1138
595 838
596 1199
597 829
598 814
599 852
600 1251
601 967
602 935
603 861
604 1179
605 799
606 918
607 1083
608 1359
609 859
610 1036
611 881
612 1189
613 897
614 1123
615 958
616 1391
617 874
618 818
619 832
620 1329
621 1076
622 1004
623 929
624 1249
625 871
626 978
627 913
628 1235
629 696
630 781
631 907
632 1240
633 1028
634 1096
635 869
636 1211
637 745
638 870
639 906
640 1348
641 998
642 1038
643 849
644 1112
645 800
646 982
647 968
648 1327
649 934
650 987
651 797
652 1206
653 930
654 1081
655 941
656 1340
657 877
658 829
659 814
660 1289
661 1004
662 1069
663 985
664 1273
665 840
666 930
667 852
668 1232
669 729
670 875
671 888
672 1216
673 1016
674 1139
675 901
676 1209
677 798
678 819
679 836
680 1276
681 974
682 976
683 885
684 1123
685 802
686 968
687 1086
688 1347
689 870
690 978
691 866
692 1121
693 911
694 1103
695 1002
696 1309
697 922
698 833
699 828
700 1321
701 988
702 1085
703 932
704 1288
705 902
706 946
707 873
708 1239
709 703
710 863
711 872
712 1192
713 1060
714 1116
715 907
716 1239
717 796
718 814
719 824
720 1361
721 1052
722 993
723 818
724 1133
725 770
726 905
727 975
728 1309
729 814
730 967
731 874
732 1153
733 886
734 1079
735 925
736 1289
737 896
738 790
739 814
740 1354
741 1040
742 996
743 915
744 1260
745 868
746 898
747 879
748 1304
749 692
750 853
751 912
752 1214
753 988
754 1140
755 862
756 1186
757 750
758 824
759 901
760 1374
761 1011
762 940
763 835
764 1191
765 789
766 888
767 1019
768 1374
769 847
770 948
771 862
772 1178
773 973
774 1131
775 947
776 1375
777 854
778 830
779 840
780 1374
781 1022
782 1042
783 894
784 1316
785 892
786 934
787 911
788 1135
789 734
790 788
791 862
792 1275
793 1007
794 1083
795 902
796 1191
797 851
798 815
799 868
800 1304
801 1035
802 960
803 839
804 1164
805 810
806 892
807 958
808 1373
809 905
810 977
811 843
812 1125
813 983
814 1060
815 947
816 1320
817 856
818 852
819 866
820 1395
821 1142
822 997
823 955
824 1261
825 894
826 902
827 836
828 1210
829 724
830 878
831 894
832 1179
833 1023
834 1097
835 873
836 1224
837 818
838 857
839 827
840 1281
841 1034
842 941
843 858
844 1182
845 848
846 956
847 1034
848 1314
849 850
850 976
851 808
852 1145
853 893
854 1147
855 918
856 1307
857 836
858 848
859 864
860 1331
861 1020
862 1012
863 930
864 1255
865 929
866 930
867 877
868 1242
869 738
870 867
871 933
872 1204
873 1063
874 1130
875 878
876 1212
877 812
878 826
879 797
880 1347
881 1036
882 1021
883 832
884 1143
885 796
886 928
887 1009
888 1291
889 850
890 976
891 822
892 1173
893 891
894 1125
895 1002
896 1345
897 841
898 838
899 796
900 1321
901 1021
902 999
903 925
904 1229
905 956
906 891
907 879
908 1224
909 729
910 815
911 939
912 1189
913 930
914 1110
915 877
916 1159
917 858
918 834
919 834
920 1328
921 1072
922 950
923 841
924 1160
925 793
926 948
927 1048
928 1320
929 909
930 939
931 836
932 1163
933 990
934 1150
935 958
936 1294
937 860
938 816
939 859
940 1335
941 1003
942 989
943 962
944 1203
945 901
946 963
947 909
948 1276
949 752
950 878
951 888
952 1284
953 1023
954 1091
955 810
956 1258
957 838
958 841
959 874
960 1352
961 1028
962 990
963 866
964 1144
965 778
966 951
967 955
968 1405
969 887
970 942
971 828
972 1180
973 932
974 1141
975 980
976 1253
977 825
978 894
979 852
980 1311
981 1071
982 998
983 978
984 1247
985 941
986 921
987 932
988 1152
989 693
990 817
991 821
992 1240
993 970
994 1094
995 854
996 1186
997 814
998 839
999 831
