0 0.000000
1000 0.000109
2000 0.000167
3000 0.000228
4000 0.000292
5000 0.000357
6000 0.000421
7000 0.000479
8000 0.000544
9000 0.000604
10000 0.000663
11000 0.000724
12000 0.000789
13000 0.000854
14000 0.000914
15000 0.000969
16000 0.001030
17000 0.001087
18000 0.001143
19000 0.001200
20000 0.001260
21000 0.001317
22000 0.001375
23000 0.001430
24000 0.001489
25000 0.001547
26000 0.001606
27000 0.001664
28000 0.001722
29000 0.001781
30000 0.001844
31000 0.001899
32000 0.001957
33000 0.002017
34000 0.002073
35000 0.002131
36000 0.002189
37000 0.002247
38000 0.002304
39000 0.002396
40000 0.002455
41000 0.002514
42000 0.002569
43000 0.002629
44000 0.002686
45000 0.002744
46000 0.002805
47000 0.002862
48000 0.002924
49000 0.002985
50000 0.003041
51000 0.003100
52000 0.003160
53000 0.003219
54000 0.003283
55000 0.003341
56000 0.003404
57000 0.003462
58000 0.003520
59000 0.003580
60000 0.003642
61000 0.003702
62000 0.003763
63000 0.003824
64000 0.003885
65000 0.003945
66000 0.004005
67000 0.004064
68000 0.004123
69000 0.004182
70000 0.004242
71000 0.004301
72000 0.004362
73000 0.004424
74000 0.004482
75000 0.004542
76000 0.004599
77000 0.004660
78000 0.004721
79000 0.004781
80000 0.004840
81000 0.004902
82000 0.004959
83000 0.005019
84000 0.005077
85000 0.005138
86000 0.005199
87000 0.005257
88000 0.005317
89000 0.005378
90000 0.005438
91000 0.005499
92000 0.005559
93000 0.005619
94000 0.005680
95000 0.005738
96000 0.005800
97000 0.005870
98000 0.005936
99000 0.006003
100000 0.006072
101000 0.006146
102000 0.006213
103000 0.006275
104000 0.006372
105000 0.006442
106000 0.006504
107000 0.006569
108000 0.006636
109000 0.006702
110000 0.006766
111000 0.006829
112000 0.006902
113000 0.006970
114000 0.007035
115000 0.007101
116000 0.007171
117000 0.007237
118000 0.007301
119000 0.007365
120000 0.007436
121000 0.007501
122000 0.007564
123000 0.007629
124000 0.007697
125000 0.007761
126000 0.007833
127000 0.007894
128000 0.007966
129000 0.008030
130000 0.008095
131000 0.008164
132000 0.008237
133000 0.008303
134000 0.008372
135000 0.008435
136000 0.008510
137000 0.008575
138000 0.008639
139000 0.008705
140000 0.008776
141000 0.008842
142000 0.008908
143000 0.008972
144000 0.009043
145000 0.009108
146000 0.009170
147000 0.009236
148000 0.009304
149000 0.009369
150000 0.009435
151000 0.009497
152000 0.009567
153000 0.009631
154000 0.009691
155000 0.009755
156000 0.009821
157000 0.009885
158000 0.009949
159000 0.010011
160000 0.010080
161000 0.010143
162000 0.010204
163000 0.010266
164000 0.010355
165000 0.010420
166000 0.010487
167000 0.010547
168000 0.010612
169000 0.010674
170000 0.010736
171000 0.010799
172000 0.010866
173000 0.010929
174000 0.010993
175000 0.011051
176000 0.011118
177000 0.011180
178000 0.011242
179000 0.011304
180000 0.011369
181000 0.011431
182000 0.011493
183000 0.011554
184000 0.011619
185000 0.011682
186000 0.011742
187000 0.011805
188000 0.011865
189000 0.011933
190000 0.011995
191000 0.012056
192000 0.012117
193000 0.012185
194000 0.012244
195000 0.012308
196000 0.012368
197000 0.012435
198000 0.012498
199000 0.012562
200000 0.012626
201000 0.012695
202000 0.012756
203000 0.012824
204000 0.012890
205000 0.012958
206000 0.013023
207000 0.013095
208000 0.013160
209000 0.013228
210000 0.013293
211000 0.013357
212000 0.013419
213000 0.013488
214000 0.013549
215000 0.013611
216000 0.013676
217000 0.013746
218000 0.013809
219000 0.013873
220000 0.013939
221000 0.014011
222000 0.014082
223000 0.014147
224000 0.014214
225000 0.014284
226000 0.014375
227000 0.014452
228000 0.014516
229000 0.014600
230000 0.014675
231000 0.014748
232000 0.014820
233000 0.014896
234000 0.014959
235000 0.015024
236000 0.015089
237000 0.015159
238000 0.015222
239000 0.015283
240000 0.015348
241000 0.015413
242000 0.015476
243000 0.015538
244000 0.015600
245000 0.015665
246000 0.015730
247000 0.015789
248000 0.015854
249000 0.015918
250000 0.015979
251000 0.016043
252000 0.016106
253000 0.016171
254000 0.016237
255000 0.016299
256000 0.016362
257000 0.016429
258000 0.016490
259000 0.016554
260000 0.016615
261000 0.016684
262000 0.016758
263000 0.016821
264000 0.016966
265000 0.017054
266000 0.017133
267000 0.017270
268000 0.017367
269000 0.017456
270000 0.017527
271000 0.017597
272000 0.017669
273000 0.017741
274000 0.017812
275000 0.017886
276000 0.017961
277000 0.018064
278000 0.018157
279000 0.018233
280000 0.018318
281000 0.018506
282000 0.018601
283000 0.018693
284000 0.018786
285000 0.018902
286000 0.019009
287000 0.019094
288000 0.019182
289000 0.019267
290000 0.019340
291000 0.019417
292000 0.019485
293000 0.019560
294000 0.019634
295000 0.019710
296000 0.019789
297000 0.019873
298000 0.019939
299000 0.020015
300000 0.020077
301000 0.020144
302000 0.020205
303000 0.020268
304000 0.020330
305000 0.020397
306000 0.020457
307000 0.020521
308000 0.020584
309000 0.020655
310000 0.020716
311000 0.020776
312000 0.020837
313000 0.020900
314000 0.020958
315000 0.021017
316000 0.021075
317000 0.021140
318000 0.021203
319000 0.021260
320000 0.021322
321000 0.021386
322000 0.021445
323000 0.021507
324000 0.021566
325000 0.021627
326000 0.021687
327000 0.021745
328000 0.021808
329000 0.021872
330000 0.021929
331000 0.021988
332000 0.022045
333000 0.022109
334000 0.022175
335000 0.022239
336000 0.022300
337000 0.022391
338000 0.022454
339000 0.022518
340000 0.022578
341000 0.022642
342000 0.022706
343000 0.022767
344000 0.022830
345000 0.022895
346000 0.022958
347000 0.023021
348000 0.023081
349000 0.023146
350000 0.023211
351000 0.023273
352000 0.023339
353000 0.023404
354000 0.023469
355000 0.023531
356000 0.023593
357000 0.023656
358000 0.023723
359000 0.023785
360000 0.023854
361000 0.023919
362000 0.023985
363000 0.024052
364000 0.024115
365000 0.024183
366000 0.024250
367000 0.024313
368000 0.024380
369000 0.024444
370000 0.024509
371000 0.024577
372000 0.024643
373000 0.024717
374000 0.024794
375000 0.024862
376000 0.024930
377000 0.025003
378000 0.025073
379000 0.025141
380000 0.025207
381000 0.025276
382000 0.025345
383000 0.025416
384000 0.025483
385000 0.025551
386000 0.025618
387000 0.025686
388000 0.025748
389000 0.025815
390000 0.025882
391000 0.025944
392000 0.026010
393000 0.026075
394000 0.026141
395000 0.026209
396000 0.026286
397000 0.026410
398000 0.026510
399000 0.026591
400000 0.026667
401000 0.026747
402000 0.026824
403000 0.026900
404000 0.026986
405000 0.027057
406000 0.027125
407000 0.027186
408000 0.027249
409000 0.027315
410000 0.027380
411000 0.027446
412000 0.027509
413000 0.027579
414000 0.027650
415000 0.027716
416000 0.027784
417000 0.027856
418000 0.027932
419000 0.028000
420000 0.028064
421000 0.028131
422000 0.028200
423000 0.028265
424000 0.028330
425000 0.028395
426000 0.028464
427000 0.028529
428000 0.028593
429000 0.028656
430000 0.028722
431000 0.028785
432000 0.028854
433000 0.028918
434000 0.028983
435000 0.029046
436000 0.029109
437000 0.029174
438000 0.029243
439000 0.029306
440000 0.029372
441000 0.029437
442000 0.029503
443000 0.029567
444000 0.029630
445000 0.029696
446000 0.029773
447000 0.029845
448000 0.029918
449000 0.029986
450000 0.030054
451000 0.030120
452000 0.030179
453000 0.030244
454000 0.030306
455000 0.030418
456000 0.030485
457000 0.030551
458000 0.030612
459000 0.030680
460000 0.030743
461000 0.030808
462000 0.030872
463000 0.030937
464000 0.031005
465000 0.031069
466000 0.031132
467000 0.031199
468000 0.031262
469000 0.031326
470000 0.031391
471000 0.031455
472000 0.031520
473000 0.031583
474000 0.031646
475000 0.031713
476000 0.031775
477000 0.031840
478000 0.031906
479000 0.031970
480000 0.032035
481000 0.032099
482000 0.032166
483000 0.032236
484000 0.032299
485000 0.032369
486000 0.032436
487000 0.032504
488000 0.032570
489000 0.032637
490000 0.032700
491000 0.032768
492000 0.032835
493000 0.032905
494000 0.032971
495000 0.033046
496000 0.033122
497000 0.033197
498000 0.033268
499000 0.033339
500000 0.033402
501000 0.033468
502000 0.033532
503000 0.033598
504000 0.033666
505000 0.033730
506000 0.033794
507000 0.033860
508000 0.033937
509000 0.033999
510000 0.034061
511000 0.034121
512000 0.034183
513000 0.034243
514000 0.034306
515000 0.034390
516000 0.034460
517000 0.034525
518000 0.034591
519000 0.034654
520000 0.034783
521000 0.034847
522000 0.034922
523000 0.035006
524000 0.035086
525000 0.035180
526000 0.035262
527000 0.035344
528000 0.035427
529000 0.035504
530000 0.035590
531000 0.035681
532000 0.035754
533000 0.035849
534000 0.035952
535000 0.036054
536000 0.036167
537000 0.036277
538000 0.036379
539000 0.036487
540000 0.036584
541000 0.036677
542000 0.036775
543000 0.036859
544000 0.036949
545000 0.037024
546000 0.037095
547000 0.037171
548000 0.037244
549000 0.037320
550000 0.037402
551000 0.037482
552000 0.037569
553000 0.037652
554000 0.037716
555000 0.037783
556000 0.037848
557000 0.037920
558000 0.037986
559000 0.038050
560000 0.038113
561000 0.038176
562000 0.038236
563000 0.038307
564000 0.038395
565000 0.038468
566000 0.038540
567000 0.038620
568000 0.038704
569000 0.038768
570000 0.038833
571000 0.038909
572000 0.038971
573000 0.039044
574000 0.039114
575000 0.039182
576000 0.039245
577000 0.039309
578000 0.039370
579000 0.039441
580000 0.039503
581000 0.039567
582000 0.039632
583000 0.039692
584000 0.039762
585000 0.039826
586000 0.039887
587000 0.039950
588000 0.040019
589000 0.040081
590000 0.040146
591000 0.040207
592000 0.040279
593000 0.040342
594000 0.040406
595000 0.040471
596000 0.040538
597000 0.040607
598000 0.040670
599000 0.040732
600000 0.040795
601000 0.040867
602000 0.040928
603000 0.040997
604000 0.041063
605000 0.041130
606000 0.041197
607000 0.041261
608000 0.041329
609000 0.041395
610000 0.041457
611000 0.041523
612000 0.041587
613000 0.041653
614000 0.041720
615000 0.041783
616000 0.041849
617000 0.041911
618000 0.041973
619000 0.042034
620000 0.042098
621000 0.042164
622000 0.042232
623000 0.042297
624000 0.042415
625000 0.042509
626000 0.042600
627000 0.042686
628000 0.042763
629000 0.042842
630000 0.042916
631000 0.042978
632000 0.043045
633000 0.043109
634000 0.043171
635000 0.043239
636000 0.043303
637000 0.043371
638000 0.043449
639000 0.043514
640000 0.043583
641000 0.043651
642000 0.043719
643000 0.043794
644000 0.043875
645000 0.043961
646000 0.044042
647000 0.044118
648000 0.044198
649000 0.044281
650000 0.044351
651000 0.044418
652000 0.044490
653000 0.044561
654000 0.044638
655000 0.044709
656000 0.044794
657000 0.044854
658000 0.044914
659000 0.044974
660000 0.045038
661000 0.045100
662000 0.045162
663000 0.045221
664000 0.045285
665000 0.045346
666000 0.045408
667000 0.045469
668000 0.045531
669000 0.045593
670000 0.045656
671000 0.045715
672000 0.045776
673000 0.045839
674000 0.045897
675000 0.045961
676000 0.046022
677000 0.046084
678000 0.046144
679000 0.046204
680000 0.046267
681000 0.046348
682000 0.046410
683000 0.046474
684000 0.046537
685000 0.046600
686000 0.046662
687000 0.046725
688000 0.046790
689000 0.046854
690000 0.046918
691000 0.046981
692000 0.047045
693000 0.047107
694000 0.047170
695000 0.047231
696000 0.047295
697000 0.047357
698000 0.047418
699000 0.047481
700000 0.047548
701000 0.047608
702000 0.047669
703000 0.047726
704000 0.047800
705000 0.047862
706000 0.047925
707000 0.047989
708000 0.048051
709000 0.048115
710000 0.048175
711000 0.048235
712000 0.048297
713000 0.048360
714000 0.048419
715000 0.048481
716000 0.048540
717000 0.048604
718000 0.048664
719000 0.048723
720000 0.048784
721000 0.048848
722000 0.048906
723000 0.048973
724000 0.049032
725000 0.049095
726000 0.049155
727000 0.049215
728000 0.049275
729000 0.049337
730000 0.049401
731000 0.049463
732000 0.049526
733000 0.049591
734000 0.049656
735000 0.049716
736000 0.049778
737000 0.049839
738000 0.049902
739000 0.049964
740000 0.050023
741000 0.050085
742000 0.050147
743000 0.050208
744000 0.050272
745000 0.050349
746000 0.050415
747000 0.050480
748000 0.050540
749000 0.050607
750000 0.050671
751000 0.050734
752000 0.050799
753000 0.050864
754000 0.050928
755000 0.050993
756000 0.051058
757000 0.051132
758000 0.051205
759000 0.051276
760000 0.051344
761000 0.051412
762000 0.051476
763000 0.051545
764000 0.051603
765000 0.051667
766000 0.051728
767000 0.051786
768000 0.051847
769000 0.051910
770000 0.051970
771000 0.052034
772000 0.052097
773000 0.052159
774000 0.052221
775000 0.052281
776000 0.052394
777000 0.052456
778000 0.052516
779000 0.052577
780000 0.052637
781000 0.052700
782000 0.052761
783000 0.052820
784000 0.052882
785000 0.052946
786000 0.053005
787000 0.053068
788000 0.053127
789000 0.053191
790000 0.053251
791000 0.053310
792000 0.053373
793000 0.053438
794000 0.053498
795000 0.053560
796000 0.053620
797000 0.053684
798000 0.053744
799000 0.053806
800000 0.053867
801000 0.053932
802000 0.053993
803000 0.054055
804000 0.054114
805000 0.054176
806000 0.054238
807000 0.054296
808000 0.054376
809000 0.054440
810000 0.054503
811000 0.054563
812000 0.054623
813000 0.054684
814000 0.054758
815000 0.054819
816000 0.054883
817000 0.054949
818000 0.055011
819000 0.055072
820000 0.055131
821000 0.055193
822000 0.055255
823000 0.055314
824000 0.055374
825000 0.055437
826000 0.055497
827000 0.055560
828000 0.055620
829000 0.055685
830000 0.055746
831000 0.055805
832000 0.055866
833000 0.055930
834000 0.055990
835000 0.056054
836000 0.056113
837000 0.056176
838000 0.056237
839000 0.056297
840000 0.056357
841000 0.056422
842000 0.056481
843000 0.056541
844000 0.056601
845000 0.056662
846000 0.056725
847000 0.056784
848000 0.056845
849000 0.056906
850000 0.056971
851000 0.057031
852000 0.057092
853000 0.057153
854000 0.057216
855000 0.057274
856000 0.057336
857000 0.057397
858000 0.057458
859000 0.057520
860000 0.057578
861000 0.057641
862000 0.057703
863000 0.057764
864000 0.057824
865000 0.057887
866000 0.057947
867000 0.058012
868000 0.058070
869000 0.058134
870000 0.058196
871000 0.058256
872000 0.058315
873000 0.058393
874000 0.058453
875000 0.058515
876000 0.058574
877000 0.058638
878000 0.058699
879000 0.058758
880000 0.058820
881000 0.058881
882000 0.058942
883000 0.059003
884000 0.059063
885000 0.059124
886000 0.059187
887000 0.059245
888000 0.059308
889000 0.059371
890000 0.059432
891000 0.059492
892000 0.059553
893000 0.059613
894000 0.059677
895000 0.059736
896000 0.059799
897000 0.059860
898000 0.059920
899000 0.059985
900000 0.060044
901000 0.060106
902000 0.060168
903000 0.060228
904000 0.060289
905000 0.060351
906000 0.060412
907000 0.060475
908000 0.060533
909000 0.060596
910000 0.060659
911000 0.060720
912000 0.060782
913000 0.060846
914000 0.060908
915000 0.060970
916000 0.061030
917000 0.061090
918000 0.061154
919000 0.061212
920000 0.061272
921000 0.061333
922000 0.061394
923000 0.061459
924000 0.061519
925000 0.061578
926000 0.061641
927000 0.061707
928000 0.061769
929000 0.061831
930000 0.061892
931000 0.061956
932000 0.062016
933000 0.062076
934000 0.062139
935000 0.062198
936000 0.062259
937000 0.062335
938000 0.062395
939000 0.062457
940000 0.062515
941000 0.062577
942000 0.062640
943000 0.062700
944000 0.062761
945000 0.062824
946000 0.062886
947000 0.062949
948000 0.063008
949000 0.063069
950000 0.063132
951000 0.063193
952000 0.063253
953000 0.063315
954000 0.063375
955000 0.063435
956000 0.063495
957000 0.063556
958000 0.063620
959000 0.063679
960000 0.063740
961000 0.063803
962000 0.063865
963000 0.063925
964000 0.063985
965000 0.064045
966000 0.064109
967000 0.064167
968000 0.064229
969000 0.064290
970000 0.064351
971000 0.064412
972000 0.064473
973000 0.064533
974000 0.064595
975000 0.064655
976000 0.064716
977000 0.064778
978000 0.064836
979000 0.064899
980000 0.064961
981000 0.065023
982000 0.065084
983000 0.065146
984000 0.065206
985000 0.065269
986000 0.065328
987000 0.065390
988000 0.065449
989000 0.065511
990000 0.065571
991000 0.065632
992000 0.065692
993000 0.065753
994000 0.065814
995000 0.065875
996000 0.065935
997000 0.066000
998000 0.066061
999000 0.066121
1000000 0.066183
