0 0.000002
1000 0.000041
2000 0.000049
3000 0.000055
4000 0.000062
5000 0.000068
6000 0.000075
7000 0.000082
8000 0.000088
9000 0.000095
10000 0.000101
11000 0.000108
12000 0.000114
13000 0.000121
14000 0.000127
15000 0.000134
16000 0.000140
17000 0.000147
18000 0.000153
19000 0.000160
20000 0.000166
21000 0.000173
22000 0.000179
23000 0.000186
24000 0.000192
25000 0.000199
26000 0.000205
27000 0.000212
28000 0.000218
29000 0.000225
30000 0.000231
31000 0.000238
32000 0.000244
33000 0.000251
34000 0.000258
35000 0.000264
36000 0.000271
37000 0.000277
38000 0.000284
39000 0.000290
40000 0.000297
41000 0.000303
42000 0.000310
43000 0.000316
44000 0.000323
45000 0.000329
46000 0.000336
47000 0.000342
48000 0.000349
49000 0.000355
50000 0.000362
51000 0.000368
52000 0.000375
53000 0.000381
54000 0.000388
55000 0.000395
56000 0.000401
57000 0.000408
58000 0.000414
59000 0.000421
60000 0.000427
61000 0.000434
62000 0.000440
63000 0.000447
64000 0.000453
65000 0.000460
66000 0.000466
67000 0.000473
68000 0.000479
69000 0.000486
70000 0.000492
71000 0.000499
72000 0.000505
73000 0.000512
74000 0.000518
75000 0.000525
76000 0.000531
77000 0.000538
78000 0.000545
79000 0.000551
80000 0.000558
81000 0.000564
82000 0.000571
83000 0.000577
84000 0.000584
85000 0.000590
86000 0.000597
87000 0.000603
88000 0.000610
89000 0.000616
90000 0.000623
91000 0.000629
92000 0.000636
93000 0.000642
94000 0.000649
95000 0.000656
96000 0.000662
97000 0.000669
98000 0.000675
99000 0.000682
100000 0.000688
101000 0.000695
102000 0.000702
103000 0.000708
104000 0.000715
105000 0.000721
106000 0.000728
107000 0.000734
108000 0.000741
109000 0.000747
110000 0.000754
111000 0.000760
112000 0.000767
113000 0.000773
114000 0.000780
115000 0.000787
116000 0.000795
117000 0.000801
118000 0.000808
119000 0.000814
120000 0.000821
121000 0.000827
122000 0.000834
123000 0.000840
124000 0.000847
125000 0.000853
126000 0.000860
127000 0.000866
128000 0.000873
129000 0.000879
130000 0.000886
131000 0.000892
132000 0.000899
133000 0.000905
134000 0.000912
135000 0.000918
136000 0.000925
137000 0.000931
138000 0.000938
139000 0.000944
140000 0.000951
141000 0.000957
142000 0.000964
143000 0.000970
144000 0.000977
145000 0.000983
146000 0.000990
147000 0.000996
148000 0.001003
149000 0.001009
150000 0.001016
151000 0.001022
152000 0.001029
153000 0.001035
154000 0.001042
155000 0.001048
156000 0.001055
157000 0.001061
158000 0.001068
159000 0.001074
160000 0.001081
161000 0.001087
162000 0.001094
163000 0.001100
164000 0.001107
165000 0.001113
166000 0.001120
167000 0.001126
168000 0.001133
169000 0.001139
170000 0.001146
171000 0.001152
172000 0.001159
173000 0.001165
174000 0.001172
175000 0.001178
176000 0.001185
177000 0.001192
178000 0.001198
179000 0.001205
180000 0.001211
181000 0.001218
182000 0.001224
183000 0.001231
184000 0.001237
185000 0.001244
186000 0.001250
187000 0.001257
188000 0.001263
189000 0.001270
190000 0.001276
191000 0.001283
192000 0.001289
193000 0.001296
194000 0.001302
195000 0.001309
196000 0.001315
197000 0.001322
198000 0.001328
199000 0.001335
200000 0.001341
201000 0.001348
202000 0.001354
203000 0.001361
204000 0.001367
205000 0.001374
206000 0.001380
207000 0.001387
208000 0.001393
209000 0.001400
210000 0.001406
211000 0.001413
212000 0.001419
213000 0.001426
214000 0.001432
215000 0.001439
216000 0.001445
217000 0.001452
218000 0.001458
219000 0.001465
220000 0.001471
221000 0.001478
222000 0.001484
223000 0.001491
224000 0.001497
225000 0.001504
226000 0.001510
227000 0.001517
228000 0.001523
229000 0.001530
230000 0.001536
231000 0.001543
232000 0.001549
233000 0.001556
234000 0.001562
235000 0.001569
236000 0.001575
237000 0.001582
238000 0.001588
239000 0.001595
240000 0.001601
241000 0.001608
242000 0.001614
243000 0.001621
244000 0.001627
245000 0.001634
246000 0.001641
247000 0.001647
248000 0.001653
249000 0.001660
250000 0.001667
251000 0.001673
252000 0.001680
253000 0.001686
254000 0.001693
255000 0.001699
256000 0.001706
257000 0.001712
258000 0.001719
259000 0.001725
260000 0.001733
261000 0.001740
262000 0.001748
263000 0.001755
264000 0.001830
265000 0.001837
266000 0.001844
267000 0.001850
268000 0.001857
269000 0.001863
270000 0.001870
271000 0.001876
272000 0.001883
273000 0.001889
274000 0.001896
275000 0.001902
276000 0.001909
277000 0.001915
278000 0.001922
279000 0.001928
280000 0.001935
281000 0.001941
282000 0.001948
283000 0.001954
284000 0.001960
285000 0.001967
286000 0.002000
287000 0.002007
288000 0.002014
289000 0.002020
290000 0.002026
291000 0.002033
292000 0.002039
293000 0.002046
294000 0.002053
295000 0.002059
296000 0.002066
297000 0.002072
298000 0.002079
299000 0.002085
300000 0.002092
301000 0.002098
302000 0.002105
303000 0.002111
304000 0.002118
305000 0.002124
306000 0.002131
307000 0.002137
308000 0.002144
309000 0.002150
310000 0.002157
311000 0.002163
312000 0.002170
313000 0.002176
314000 0.002183
315000 0.002189
316000 0.002196
317000 0.002202
318000 0.002209
319000 0.002215
320000 0.002222
321000 0.002228
322000 0.002235
323000 0.002241
324000 0.002248
325000 0.002254
326000 0.002261
327000 0.002268
328000 0.002274
329000 0.002281
330000 0.002287
331000 0.002293
332000 0.002300
333000 0.002306
334000 0.002313
335000 0.002319
336000 0.002326
337000 0.002332
338000 0.002339
339000 0.002345
340000 0.002352
341000 0.002358
342000 0.002365
343000 0.002371
344000 0.002378
345000 0.002384
346000 0.002391
347000 0.002398
348000 0.002404
349000 0.002411
350000 0.002417
351000 0.002424
352000 0.002430
353000 0.002437
354000 0.002443
355000 0.002450
356000 0.002456
357000 0.002463
358000 0.002469
359000 0.002476
360000 0.002482
361000 0.002489
362000 0.002495
363000 0.002502
364000 0.002508
365000 0.002515
366000 0.002521
367000 0.002528
368000 0.002534
369000 0.002541
370000 0.002547
371000 0.002554
372000 0.002560
373000 0.002567
374000 0.002573
375000 0.002580
376000 0.002586
377000 0.002593
378000 0.002599
379000 0.002606
380000 0.002612
381000 0.002619
382000 0.002625
383000 0.002632
384000 0.002638
385000 0.002645
386000 0.002651
387000 0.002658
388000 0.002664
389000 0.002671
390000 0.002677
391000 0.002684
392000 0.002690
393000 0.002697
394000 0.002703
395000 0.002710
396000 0.002716
397000 0.002723
398000 0.002729
399000 0.002736
400000 0.002742
401000 0.002749
402000 0.002755
403000 0.002762
404000 0.002768
405000 0.002775
406000 0.002781
407000 0.002788
408000 0.002794
409000 0.002801
410000 0.002807
411000 0.002814
412000 0.002820
413000 0.002827
414000 0.002833
415000 0.002840
416000 0.002846
417000 0.002853
418000 0.002859
419000 0.002866
420000 0.002872
421000 0.002879
422000 0.002885
423000 0.002892
424000 0.002898
425000 0.002905
426000 0.002911
427000 0.002918
428000 0.002924
429000 0.002931
430000 0.002937
431000 0.002944
432000 0.002950
433000 0.002957
434000 0.002963
435000 0.002970
436000 0.002976
437000 0.002983
438000 0.002989
439000 0.002996
440000 0.003002
441000 0.003009
442000 0.003015
443000 0.003022
444000 0.003028
445000 0.003035
446000 0.003041
447000 0.003048
448000 0.003054
449000 0.003061
450000 0.003067
451000 0.003074
452000 0.003080
453000 0.003087
454000 0.003093
455000 0.003100
456000 0.003106
457000 0.003113
458000 0.003119
459000 0.003126
460000 0.003132
461000 0.003139
462000 0.003145
463000 0.003152
464000 0.003158
465000 0.003165
466000 0.003171
467000 0.003178
468000 0.003184
469000 0.003191
470000 0.003197
471000 0.003204
472000 0.003210
473000 0.003217
474000 0.003223
475000 0.003230
476000 0.003236
477000 0.003243
478000 0.003249
479000 0.003256
480000 0.003262
481000 0.003269
482000 0.003275
483000 0.003282
484000 0.003288
485000 0.003295
486000 0.003301
487000 0.003308
488000 0.003314
489000 0.003321
490000 0.003327
491000 0.003334
492000 0.003340
493000 0.003347
494000 0.003353
495000 0.003360
496000 0.003366
497000 0.003372
498000 0.003379
499000 0.003385
500000 0.003392
501000 0.003398
502000 0.003405
503000 0.003411
504000 0.003418
505000 0.003424
506000 0.003431
507000 0.003437
508000 0.003444
509000 0.003450
510000 0.003457
511000 0.003463
512000 0.003470
513000 0.003476
514000 0.003483
515000 0.003489
516000 0.003496
517000 0.003502
518000 0.003509
519000 0.003515
520000 0.003546
521000 0.003552
522000 0.003559
523000 0.003565
524000 0.003572
525000 0.003578
526000 0.003585
527000 0.003591
528000 0.003598
529000 0.003604
530000 0.003611
531000 0.003617
532000 0.003624
533000 0.003630
534000 0.003637
535000 0.003643
536000 0.003650
537000 0.003656
538000 0.003663
539000 0.003669
540000 0.003676
541000 0.003682
542000 0.003689
543000 0.003695
544000 0.003702
545000 0.003708
546000 0.003715
547000 0.003721
548000 0.003728
549000 0.003734
550000 0.003741
551000 0.003747
552000 0.003754
553000 0.003760
554000 0.003767
555000 0.003773
556000 0.003779
557000 0.003786
558000 0.003792
559000 0.003799
560000 0.003805
561000 0.003812
562000 0.003820
563000 0.003827
564000 0.003835
565000 0.003842
566000 0.003850
567000 0.003857
568000 0.003863
569000 0.003870
570000 0.003876
571000 0.003883
572000 0.003889
573000 0.003896
574000 0.003902
575000 0.003909
576000 0.003915
577000 0.003922
578000 0.003929
579000 0.003935
580000 0.003942
581000 0.003948
582000 0.003955
583000 0.003961
584000 0.003968
585000 0.003974
586000 0.003981
587000 0.003987
588000 0.003994
589000 0.004000
590000 0.004007
591000 0.004013
592000 0.004020
593000 0.004026
594000 0.004033
595000 0.004039
596000 0.004046
597000 0.004053
598000 0.004059
599000 0.004066
600000 0.004072
601000 0.004079
602000 0.004085
603000 0.004092
604000 0.004098
605000 0.004105
606000 0.004111
607000 0.004118
608000 0.004125
609000 0.004131
610000 0.004138
611000 0.004144
612000 0.004151
613000 0.004157
614000 0.004164
615000 0.004170
616000 0.004177
617000 0.004183
618000 0.004190
619000 0.004196
620000 0.004203
621000 0.004209
622000 0.004216
623000 0.004222
624000 0.004229
625000 0.004236
626000 0.004242
627000 0.004249
628000 0.004255
629000 0.004262
630000 0.004268
631000 0.004275
632000 0.004281
633000 0.004288
634000 0.004294
635000 0.004301
636000 0.004307
637000 0.004314
638000 0.004320
639000 0.004327
640000 0.004333
641000 0.004340
642000 0.004347
643000 0.004353
644000 0.004360
645000 0.004366
646000 0.004373
647000 0.004379
648000 0.004386
649000 0.004392
650000 0.004399
651000 0.004405
652000 0.004412
653000 0.004418
654000 0.004425
655000 0.004431
656000 0.004438
657000 0.004444
658000 0.004451
659000 0.004458
660000 0.004464
661000 0.004471
662000 0.004477
663000 0.004484
664000 0.004490
665000 0.004497
666000 0.004503
667000 0.004510
668000 0.004516
669000 0.004523
670000 0.004529
671000 0.004536
672000 0.004543
673000 0.004549
674000 0.004556
675000 0.004562
676000 0.004569
677000 0.004575
678000 0.004582
679000 0.004588
680000 0.004595
681000 0.004601
682000 0.004608
683000 0.004614
684000 0.004621
685000 0.004628
686000 0.004634
687000 0.004641
688000 0.004647
689000 0.004654
690000 0.004660
691000 0.004667
692000 0.004673
693000 0.004680
694000 0.004687
695000 0.004693
696000 0.004700
697000 0.004706
698000 0.004713
699000 0.004719
700000 0.004726
701000 0.004732
702000 0.004739
703000 0.004745
704000 0.004752
705000 0.004759
706000 0.004765
707000 0.004773
708000 0.004780
709000 0.004786
710000 0.004793
711000 0.004799
712000 0.004806
713000 0.004812
714000 0.004819
715000 0.004825
716000 0.004832
717000 0.004838
718000 0.004845
719000 0.004851
720000 0.004858
721000 0.004864
722000 0.004871
723000 0.004877
724000 0.004884
725000 0.004890
726000 0.004897
727000 0.004903
728000 0.004910
729000 0.004916
730000 0.004923
731000 0.004929
732000 0.004936
733000 0.004942
734000 0.004949
735000 0.004955
736000 0.004962
737000 0.004968
738000 0.004975
739000 0.004981
740000 0.004988
741000 0.004994
742000 0.005001
743000 0.005007
744000 0.005014
745000 0.005021
746000 0.005027
747000 0.005034
748000 0.005040
749000 0.005047
750000 0.005053
751000 0.005060
752000 0.005066
753000 0.005073
754000 0.005079
755000 0.005086
756000 0.005092
757000 0.005099
758000 0.005105
759000 0.005112
760000 0.005118
761000 0.005125
762000 0.005131
763000 0.005138
764000 0.005144
765000 0.005151
766000 0.005157
767000 0.005163
768000 0.005170
769000 0.005176
770000 0.005183
771000 0.005189
772000 0.005196
773000 0.005202
774000 0.005209
775000 0.005215
776000 0.005234
777000 0.005240
778000 0.005247
779000 0.005253
780000 0.005260
781000 0.005266
782000 0.005273
783000 0.005279
784000 0.005286
785000 0.005292
786000 0.005299
787000 0.005305
788000 0.005312
789000 0.005318
790000 0.005325
791000 0.005331
792000 0.005338
793000 0.005344
794000 0.005351
795000 0.005357
796000 0.005364
797000 0.005370
798000 0.005377
799000 0.005383
800000 0.005390
801000 0.005396
802000 0.005403
803000 0.005409
804000 0.005416
805000 0.005422
806000 0.005429
807000 0.005435
808000 0.005442
809000 0.005448
810000 0.005455
811000 0.005461
812000 0.005468
813000 0.005474
814000 0.005481
815000 0.005487
816000 0.005494
817000 0.005500
818000 0.005507
819000 0.005513
820000 0.005520
821000 0.005526
822000 0.005533
823000 0.005539
824000 0.005546
825000 0.005552
826000 0.005559
827000 0.005565
828000 0.005572
829000 0.005578
830000 0.005585
831000 0.005591
832000 0.005598
833000 0.005604
834000 0.005611
835000 0.005617
836000 0.005624
837000 0.005630
838000 0.005637
839000 0.005643
840000 0.005650
841000 0.005656
842000 0.005663
843000 0.005669
844000 0.005676
845000 0.005682
846000 0.005689
847000 0.005695
848000 0.005702
849000 0.005708
850000 0.005715
851000 0.005721
852000 0.005728
853000 0.005734
854000 0.005741
855000 0.005747
856000 0.005754
857000 0.005760
858000 0.005767
859000 0.005773
860000 0.005780
861000 0.005786
862000 0.005793
863000 0.005799
864000 0.005806
865000 0.005812
866000 0.005819
867000 0.005825
868000 0.005833
869000 0.005840
870000 0.005848
871000 0.005856
872000 0.005863
873000 0.005870
874000 0.005877
875000 0.005883
876000 0.005890
877000 0.005896
878000 0.005903
879000 0.005909
880000 0.005916
881000 0.005923
882000 0.005929
883000 0.005936
884000 0.005942
885000 0.005949
886000 0.005955
887000 0.005962
888000 0.005968
889000 0.005995
890000 0.006001
891000 0.006008
892000 0.006014
893000 0.006021
894000 0.006027
895000 0.006034
896000 0.006041
897000 0.006047
898000 0.006054
899000 0.006060
900000 0.006067
901000 0.006073
902000 0.006080
903000 0.006087
904000 0.006093
905000 0.006100
906000 0.006106
907000 0.006113
908000 0.006119
909000 0.006126
910000 0.006132
911000 0.006139
912000 0.006145
913000 0.006152
914000 0.006158
915000 0.006165
916000 0.006171
917000 0.006178
918000 0.006184
919000 0.006191
920000 0.006197
921000 0.006204
922000 0.006210
923000 0.006217
924000 0.006223
925000 0.006230
926000 0.006236
927000 0.006243
928000 0.006250
929000 0.006256
930000 0.006263
931000 0.006269
932000 0.006276
933000 0.006282
934000 0.006289
935000 0.006295
936000 0.006302
937000 0.006308
938000 0.006315
939000 0.006321
940000 0.006328
941000 0.006334
942000 0.006341
943000 0.006347
944000 0.006354
945000 0.006361
946000 0.006367
947000 0.006374
948000 0.006380
949000 0.006387
950000 0.006393
951000 0.006400
952000 0.006406
953000 0.006413
954000 0.006419
955000 0.006426
956000 0.006432
957000 0.006439
958000 0.006445
959000 0.006452
960000 0.006458
961000 0.006465
962000 0.006472
963000 0.006478
964000 0.006485
965000 0.006491
966000 0.006498
967000 0.006504
968000 0.006511
969000 0.006517
970000 0.006524
971000 0.006530
972000 0.006537
973000 0.006543
974000 0.006550
975000 0.006556
976000 0.006563
977000 0.006569
978000 0.006576
979000 0.006583
980000 0.006589
981000 0.006596
982000 0.006602
983000 0.006609
984000 0.006615
985000 0.006622
986000 0.006628
987000 0.006635
988000 0.006641
989000 0.006648
990000 0.006654
991000 0.006661
992000 0.006667
993000 0.006674
994000 0.006680
995000 0.006687
996000 0.006693
997000 0.006700
998000 0.006707
999000 0.006713
1000000 0.006720
