0 2062
1 1009
2 984
3 984
4 0
5 2040
6 1000
7 965
8 923
9 0
10 1978
11 1019
12 0
13 2007
14 0
15 1899
16 1028
17 0
18 1959
19 0
20 2041
21 0
22 1010
23 1934
24 0
25 973
26 1018
27 1012
28 2043
29 0
30 986
31 1012
32 969
33 994
34 945
35 1036
36 1017
37 1008
38 1010
39 1049
40 969
41 943
42 987
43 1015
44 998
45 1024
46 929
47 977
48 951
49 1047
50 1001
51 1011
52 978
53 988
54 1019
55 983
56 993
57 981
58 963
59 1025
60 1016
61 997
62 974
63 962
64 1016
65 1069
66 953
67 1002
68 1000
69 1022
70 989
71 975
72 1029
73 948
74 1005
75 1078
76 1031
77 1087
78 1006
79 1027
80 1037
81 0
82 2029
83 1026
84 978
85 948
86 0
87 2033
88 1008
89 1041
90 1951
91 0
92 1992
93 0
94 1021
95 1990
96 0
97 2062
98 0
99 976
100 1833
101 0
102 973
103 1050
104 976
105 1989
106 0
107 1020
108 998
109 1032
110 1041
111 895
112 1018
113 995
114 953
115 1017
116 1013
117 1024
118 1033
119 988
120 1002
121 1030
122 1011
123 977
124 964
125 1008
126 1027
127 1050
128 967
129 1044
130 1001
131 996
132 950
133 1069
134 1042
135 998
136 1046
137 1016
138 1108
139 1039
140 954
141 1022
142 1023
143 1015
144 977
145 1023
146 1033
147 997
148 966
149 1001
150 978
151 1016
152 1042
153 970
154 1046
155 1042
156 980
157 978
158 0
159 2005
160 1035
161 993
162 1089
163 0
164 2018
165 1019
166 926
167 998
168 0
169 1989
170 0
171 1049
172 1920
173 0
174 2060
175 0
176 1037
177 1983
178 0
179 1977
180 998
181 1027
182 1968
183 0
184 957
185 1012
186 975
187 1029
188 917
189 1045
190 953
191 1037
192 967
193 1072
194 981
195 1032
196 971
197 1038
198 1027
199 1018
200 997
201 988
202 965
203 985
204 994
205 1016
206 998
207 996
208 1080
209 999
210 1032
211 1009
212 997
213 1009
214 1000
215 1011
216 963
217 1005
218 987
219 973
220 1067
221 976
222 983
223 1019
224 976
225 1005
226 1041
227 1015
228 960
229 1008
230 937
231 996
232 918
233 1030
234 1008
235 946
236 2019
237 1007
238 982
239 1019
240 0
241 2049
242 0
243 1973
244 1009
245 0
246 1982
247 0
248 966
249 2021
250 0
251 1927
252 0
253 988
254 2029
255 0
256 2033
257 0
258 1011
259 1018
260 978
261 1052
262 1038
263 1028
264 1030
265 1025
266 1018
267 999
268 965
269 1036
270 1017
271 1002
272 1057
273 926
274 928
275 999
276 963
277 1028
278 1016
279 1017
280 1050
281 1004
282 1009
283 967
284 1020
285 1012
286 944
287 965
288 963
289 989
290 1020
291 946
292 1009
293 1002
294 968
295 1062
296 1019
297 954
298 1002
299 993
300 1030
301 994
302 985
303 1016
304 997
305 1058
306 1002
307 938
308 1035
309 1043
310 1001
311 1063
312 961
313 1057
314 0
315 1978
316 988
317 0
318 1993
319 0
320 2004
321 974
322 0
323 2072
324 0
325 2018
326 1986
327 0
328 2029
329 0
330 953
331 1979
332 0
333 2007
334 0
335 1006
336 1015
337 960
338 992
339 991
340 982
341 1038
342 977
343 1026
344 990
345 990
346 1050
347 989
348 1042
349 1025
350 941
351 981
352 991
353 1019
354 1016
355 990
356 1047
357 979
358 1017
359 1003
360 1032
361 1135
362 988
363 972
364 1014
365 1070
366 1014
367 976
368 960
369 985
370 1002
371 1022
372 1005
373 986
374 1012
375 1038
376 945
377 976
378 1005
379 999
380 1042
381 913
382 986
383 1025
384 1009
385 966
386 1027
387 1031
388 1016
389 985
390 1013
391 0
392 1947
393 1035
394 0
395 1987
396 0
397 2004
398 1027
399 0
400 1958
401 0
402 2033
403 1060
404 0
405 1987
406 0
407 993
408 985
409 952
410 1933
411 0
412 1018
413 982
414 1069
415 2002
416 1019
417 983
418 997
419 946
420 1009
421 1034
422 1053
423 1000
424 990
425 1015
426 1007
427 992
428 1030
429 983
430 989
431 1032
432 935
433 1061
434 1018
435 999
436 937
437 1008
438 975
439 1054
440 939
441 1045
442 1033
443 1029
444 1048
445 979
446 990
447 994
448 942
449 927
450 962
451 986
452 950
453 988
454 1018
455 996
456 990
457 1014
458 936
459 1022
460 987
461 1007
462 1035
463 0
464 2046
465 1011
466 979
467 950
468 0
469 2018
470 1038
471 1003
472 2015
473 0
474 2030
475 1025
476 0
477 2039
478 0
479 1995
480 1019
481 0
482 1999
483 0
484 970
485 989
486 1080
487 1990
488 0
489 1020
490 969
491 1042
492 1974
493 0
494 1016
495 974
496 914
497 973
498 965
499 1025
500 992
501 982
502 997
503 1041
504 971
505 1001
506 991
507 976
508 1063
509 931
510 1011
511 978
512 993
513 963
514 948
515 959
516 1008
517 985
518 1028
519 1021
520 952
521 990
522 963
523 1005
524 989
525 986
526 997
527 939
528 1019
529 995
530 1005
531 1033
532 989
533 1028
534 983
535 1016
536 945
537 988
538 1034
539 973
540 0
541 2080
542 962
543 938
544 979
545 0
546 2018
547 970
548 976
549 962
550 0
551 2000
552 989
553 0
554 2043
555 0
556 2017
557 0
558 1040
559 2057
560 0
561 1944
562 955
563 1002
564 2014
565 0
566 1029
567 1021
568 1035
569 1978
570 0
571 958
572 988
573 1010
574 1022
575 998
576 1010
577 1043
578 1066
579 1004
580 977
581 1019
582 955
583 968
584 1020
585 1044
586 974
587 1028
588 1017
589 1080
590 1040
591 923
592 949
593 1011
594 976
595 960
596 1020
597 985
598 1023
599 992
600 1081
601 1026
602 1045
603 926
604 979
605 938
606 1026
607 994
608 1072
609 991
610 988
611 1031
612 988
613 1037
614 1042
615 994
616 1003
617 1012
618 1961
619 1008
620 967
621 1000
622 0
623 2078
624 1001
625 1040
626 1030
627 0
628 2057
629 0
630 1006
631 2035
632 0
633 1942
634 0
635 996
636 2009
637 0
638 1964
639 0
640 1018
641 2003
642 0
643 1017
644 1027
645 971
646 2055
647 0
648 923
649 1007
650 961
651 993
652 974
653 1039
654 1013
655 939
656 1006
657 972
658 1054
659 1019
660 933
661 978
662 1006
663 939
664 1027
665 1008
666 1038
667 951
668 1001
669 1010
670 999
671 1003
672 969
673 986
674 1067
675 933
676 982
677 963
678 977
679 1019
680 985
681 955
682 997
683 990
684 987
685 1029
686 1000
687 1007
688 1034
689 994
690 984
691 965
692 1014
693 969
694 982
695 1015
696 992
697 968
698 1023
699 0
700 1976
701 1022
702 996
703 1003
704 0
705 2016
706 0
707 1981
708 2012
709 0
710 1979
711 0
712 990
713 1990
714 0
715 1981
716 0
717 1042
718 1960
719 0
720 981
721 983
722 943
723 1011
724 953
725 1002
726 947
727 945
728 992
729 945
730 1018
731 1021
732 1032
733 1040
734 1033
735 1028
736 961
737 983
738 1014
739 1009
740 996
741 1059
742 985
743 1081
744 1002
745 945
746 974
747 993
748 1060
749 996
750 946
751 1053
752 1036
753 958
754 1020
755 975
756 981
757 978
758 944
759 1029
760 1077
761 1016
762 1018
763 977
764 996
765 960
766 955
767 1031
768 984
769 979
770 1015
771 956
772 1019
773 1005
774 934
775 985
776 0
777 1976
778 0
779 2008
780 989
781 0
782 2010
783 0
784 2000
785 964
786 0
787 2048
788 0
789 983
790 2062
791 0
792 2047
793 0
794 1019
795 959
796 983
797 2045
798 985
799 1018
800 991
801 1002
802 1011
803 991
804 1013
805 974
806 936
807 991
808 1024
809 1022
810 976
811 983
812 990
813 958
814 938
815 979
816 982
817 1035
818 974
819 1003
820 1040
821 969
822 1037
823 1004
824 1008
825 1105
826 1046
827 915
828 1039
829 1025
830 924
831 1020
832 986
833 969
834 999
835 993
836 980
837 995
838 1030
839 955
840 1007
841 1029
842 1049
843 1023
844 1015
845 1007
846 989
847 964
848 1020
849 980
850 1038
851 998
852 1012
853 953
854 2042
855 0
856 2000
857 992
858 0
859 2063
860 0
861 1904
862 1040
863 0
864 1957
865 0
866 976
867 2062
868 0
869 2012
870 0
871 981
872 1008
873 1005
874 1958
875 0
876 996
877 965
878 922
879 987
880 1015
881 1025
882 959
883 968
884 1023
885 1097
886 950
887 1042
888 1017
889 1079
890 1021
891 985
892 1006
893 978
894 1025
895 969
896 1001
897 1045
898 1041
899 928
900 1033
901 1018
902 934
903 985
904 967
905 1011
906 993
907 962
908 1056
909 983
910 1004
911 984
912 972
913 1057
914 1025
915 1056
916 973
917 951
918 986
919 1013
920 988
921 981
922 991
923 1009
924 1020
925 1007
926 1017
927 0
928 2019
929 990
930 975
931 982
932 0
933 1953
934 1014
935 0
936 2052
937 0
938 2038
939 959
940 0
941 1907
942 0
943 1940
944 1052
945 982
946 1973
947 0
948 1042
949 961
950 1027
951 2007
952 0
953 965
954 1027
955 986
956 1008
957 986
958 993
959 977
960 971
961 992
962 1006
963 1006
964 1013
965 984
966 1007
967 1025
968 981
969 1036
970 984
971 1034
972 1025
973 993
974 999
975 1048
976 1005
977 1005
978 950
979 1040
980 1049
981 1013
982 988
983 1038
984 1024
985 1035
986 953
987 972
988 980
989 999
990 1032
991 1032
992 1038
993 979
994 931
995 995
996 1031
997 1001
998 1054
999 960
