0 1012
1 1016
2 1020
3 1000
4 1035
5 1037
6 1071
7 1001
8 1052
9 955
10 998
11 985
12 1019
13 945
14 974
15 1017
16 1017
17 991
18 964
19 985
20 1032
21 950
22 1020
23 1000
24 986
25 962
26 1000
27 1000
28 997
29 991
30 1047
31 1013
32 997
33 1040
34 1003
35 1038
36 1006
37 1019
38 989
39 1050
40 983
41 991
42 986
43 998
44 1072
45 983
46 983
47 977
48 1008
49 967
50 1018
51 1021
52 1016
53 975
54 986
55 1032
56 991
57 1015
58 1007
59 997
60 1050
61 990
62 982
63 1018
64 1023
65 980
66 1020
67 985
68 1018
69 1027
70 1038
71 1015
72 965
73 1013
74 1033
75 991
76 984
77 1017
78 998
79 1008
80 1033
81 1016
82 977
83 1019
84 1025
85 989
86 978
87 984
88 1027
89 1011
90 1054
91 1008
92 1039
93 1026
94 981
95 1008
96 1002
97 961
98 1021
99 1012
100 991
101 1034
102 1049
103 972
104 999
105 978
106 978
107 1044
108 993
109 1070
110 1038
111 1026
112 973
113 995
114 996
115 948
116 965
117 1043
118 1012
119 961
120 965
121 1007
122 1015
123 1014
124 1036
125 1025
126 1008
127 969
128 998
129 947
130 990
131 1006
132 977
133 1027
134 982
135 1018
136 978
137 999
138 963
139 993
140 989
141 1023
142 1077
143 1005
144 1031
145 1042
146 918
147 1038
148 1033
149 1030
150 1008
151 1062
152 954
153 1057
154 1008
155 959
156 982
157 1012
158 1007
159 999
160 1097
161 1041
162 1030
163 1009
164 979
165 1048
166 1011
167 1009
168 1025
169 994
170 1069
171 990
172 994
173 1013
174 988
175 1042
176 1005
177 967
178 1005
179 1014
180 1033
181 1020
182 1010
183 926
184 980
185 1015
186 1027
187 988
188 953
189 1024
190 1007
191 998
192 1006
193 1050
194 1041
195 1008
196 1042
197 1036
198 1002
199 980
200 1026
201 976
202 1049
203 987
204 1006
205 992
206 971
207 983
208 995
209 1000
210 1039
211 989
212 976
213 1025
214 1018
215 965
216 974
217 995
218 1021
219 1025
220 1025
221 1044
222 985
223 969
224 1054
225 981
226 933
227 1002
228 984
229 995
230 997
231 960
232 1025
233 1009
234 1008
235 1007
236 979
237 1034
238 1013
239 1005
240 974
241 1003
242 1037
243 1015
244 991
245 997
246 1017
247 1013
248 1057
249 1021
250 1063
251 1027
252 1002
253 988
254 1049
255 1023
256 963
257 999
258 950
259 989
260 1034
261 1002
262 1020
263 962
264 1035
265 1006
266 1026
267 937
268 991
269 975
270 1015
271 957
272 997
273 1011
274 1038
275 977
276 1043
277 1032
278 958
279 1032
280 1047
281 951
282 1012
283 985
284 990
285 1039
286 978
287 1038
288 979
289 1031
290 1008
291 964
292 1011
293 1026
294 1022
295 1026
296 1029
297 1016
298 1055
299 1009
300 987
301 1020
302 1048
303 1030
304 959
305 992
306 1033
307 961
308 1016
309 1025
310 1040
311 1080
312 1046
313 1048
314 974
315 985
316 1002
317 973
318 983
319 1042
320 1015
321 1016
322 1000
323 1001
324 1005
325 916
326 1016
327 1059
328 1001
329 1023
330 1019
331 980
332 1029
333 974
334 1000
335 943
336 1019
337 1028
338 969
339 963
340 996
341 996
342 976
343 1035
344 926
345 976
346 955
347 1014
348 1078
349 969
350 1063
351 990
352 970
353 1019
354 964
355 1018
356 1036
357 971
358 1028
359 1010
360 1021
361 1041
362 992
363 1050
364 1013
365 955
366 997
367 974
368 937
369 1019
370 969
371 1020
372 1056
373 997
374 977
375 1018
376 1042
377 1054
378 1003
379 1008
380 1012
381 1038
382 1008
383 1040
384 1034
385 985
386 954
387 987
388 1076
389 1023
390 994
391 993
392 1036
393 1042
394 1001
395 977
396 1059
397 1003
398 1005
399 960
400 1009
401 1020
402 927
403 1002
404 1029
405 1016
406 981
407 973
408 978
409 985
410 1035
411 1019
412 1006
413 966
414 976
415 970
416 973
417 981
418 992
419 1008
420 1022
421 967
422 976
423 1030
424 929
425 1027
426 1009
427 1033
428 1028
429 1046
430 1020
431 1005
432 1032
433 1072
434 1041
435 1015
436 1035
437 1037
438 1023
439 988
440 1014
441 989
442 1049
443 983
444 993
445 973
446 1017
447 1052
448 987
449 973
450 1017
451 1040
452 981
453 1036
454 1028
455 1016
456 1004
457 1045
458 1025
459 963
460 1062
461 1057
462 1033
463 1001
464 1031
465 966
466 984
467 1000
468 1019
469 992
470 1025
471 1021
472 990
473 953
474 1042
475 1029
476 957
477 1011
478 1009
479 1010
480 1006
481 928
482 1006
483 1011
484 967
485 974
486 1014
487 988
488 1081
489 987
490 980
491 1018
492 1029
493 984
494 1035
495 1017
496 979
497 1089
498 989
499 1027
500 1028
501 996
502 988
503 981
504 1020
505 1020
506 1002
507 1026
508 992
509 1004
510 1038
511 979
512 1061
513 1011
514 1010
515 965
516 1011
517 1005
518 1022
519 1029
520 976
521 995
522 1037
523 996
524 980
525 950
526 948
527 1003
528 974
529 959
530 1040
531 1037
532 1019
533 1018
534 986
535 923
536 1018
537 1023
538 997
539 1002
540 1014
541 1047
542 999
543 949
544 1032
545 1039
546 990
547 1016
548 997
549 1030
550 986
551 945
552 1046
553 1019
554 1013
555 923
556 1030
557 1009
558 1040
559 1019
560 976
561 1042
562 1006
563 965
564 958
565 1045
566 991
567 1015
568 1015
569 978
570 1017
571 1045
572 959
573 1069
574 1053
575 985
576 972
577 938
578 1019
579 1029
580 1022
581 1087
582 1015
583 1057
584 982
585 962
586 998
587 964
588 1060
589 1010
590 1018
591 1011
592 996
593 1016
594 1018
595 1018
596 1042
597 1007
598 1020
599 965
600 1040
601 975
602 993
603 1067
604 1009
605 1004
606 1019
607 1033
608 996
609 986
610 1050
611 945
612 999
613 1042
614 980
615 914
616 941
617 985
618 982
619 1002
620 1027
621 1018
622 983
623 1036
624 1039
625 1002
626 1079
627 976
628 1008
629 1081
630 1135
631 1040
632 985
633 1011
634 969
635 986
636 1022
637 1007
638 1058
639 1009
640 1033
641 992
642 979
643 947
644 1004
645 997
646 1015
647 1043
648 1080
649 976
650 943
651 982
652 993
653 1010
654 981
655 990
656 989
657 951
658 1038
659 1020
660 934
661 952
662 1108
663 981
664 1012
665 1038
666 988
667 960
668 989
669 1049
670 979
671 986
672 1011
673 1034
674 1020
675 940
676 1042
677 952
678 1012
679 971
680 1028
681 1025
682 1025
683 1024
684 1028
685 1019
686 1034
687 1080
688 996
689 1105
690 1029
691 997
692 1019
693 954
694 1056
695 1028
696 1016
697 979
698 1031
699 1029
700 1024
701 1041
702 1024
703 1013
704 1009
705 982
706 977
707 1027
708 1035
709 975
710 1013
711 1053
712 969
713 1054
714 963
715 1025
716 993
717 1001
718 1060
719 1014
720 1024
721 1045
722 1067
723 1030
724 990
725 1005
726 1014
727 1001
728 1007
729 1057
730 1053
731 1003
732 943
733 945
734 973
735 1004
736 1005
737 1042
738 1032
739 945
740 990
741 1006
742 1019
743 1018
744 1035
745 999
746 988
747 1003
748 989
749 962
750 986
751 1015
752 1016
753 999
754 1001
755 994
756 1030
757 998
758 985
759 1003
760 1008
761 1010
762 953
763 1000
764 975
765 983
766 1069
767 969
768 961
769 965
770 950
771 971
772 1011
773 996
774 1017
775 1005
776 976
777 997
778 924
779 942
780 953
781 987
782 985
783 988
784 1034
785 980
786 934
787 980
788 973
789 1043
790 949
791 937
792 989
793 907
794 980
795 960
796 986
797 1010
798 1037
799 1022
800 992
801 1024
802 939
803 1004
804 928
805 985
806 998
807 958
808 1022
809 999
810 994
811 1005
812 1023
813 1007
814 1027
815 968
816 1007
817 970
818 1005
819 989
820 1009
821 998
822 958
823 978
824 978
825 922
826 914
827 953
828 1032
829 941
830 981
831 974
832 994
833 1037
834 939
835 963
836 982
837 968
838 972
839 1005
840 966
841 955
842 1009
843 984
844 967
845 982
846 1021
847 996
848 979
849 974
850 1055
851 970
852 977
853 953
854 1002
855 946
856 1008
857 939
858 926
859 985
860 931
861 1050
862 945
863 972
864 1013
865 992
866 1005
867 993
868 988
869 975
870 994
871 938
872 1007
873 938
874 993
875 1002
876 978
877 962
878 951
879 952
880 997
881 1033
882 992
883 953
884 977
885 971
886 1066
887 971
888 938
889 935
890 1001
891 1001
892 944
893 967
894 963
895 954
896 944
897 945
898 931
899 988
900 937
901 1020
902 979
903 978
904 996
905 978
906 1009
907 1001
908 1005
909 1038
910 946
911 1023
912 1007
913 1025
914 968
915 982
916 988
917 983
918 990
919 993
920 923
921 999
922 915
923 979
924 962
925 955
926 993
927 951
928 1016
929 970
930 956
931 985
932 965
933 1040
934 968
935 988
936 979
937 1003
938 980
939 984
940 988
941 998
942 917
943 936
944 990
945 987
946 933
947 1016
948 1001
949 948
950 950
951 946
952 960
953 953
954 979
955 983
956 1007
957 936
958 1031
959 982
960 961
961 975
962 976
963 926
964 1036
965 1015
966 1005
967 993
968 1005
969 948
970 953
971 895
972 945
973 989
974 984
975 968
976 988
977 1003
978 1008
979 983
980 986
981 946
982 983
983 939
984 1023
985 977
986 913
987 960
988 1012
989 946
990 953
991 1003
992 1041
993 941
994 984
995 955
996 990
997 990
998 969
999 979
